76 346 30 0
1 28 20
28 24 20
24 7 20
7 13 20
13 10 20
10 6 20
6 15 20
15 19 20
19 14 20
14 27 20
27 12 20
12 3 20
3 5 20
5 17 20
17 16 20
16 11 20
11 2 20
2 21 20
21 26 20
26 8 20
8 22 20
22 4 20
4 9 20
9 23 20
23 20 20
20 18 20
18 25 20
25 29 20
14 30 20
1 12 4
1 19 16
2 7 20
2 4 9
2 15 6
2 23 11
2 12 11
2 6 7
2 24 8
2 17 6
2 16 1
2 18 10
3 11 6
3 14 13
4 25 17
4 11 10
4 14 12
4 28 14
4 24 4
4 29 17
5 12 7
5 4 5
5 2 17
5 9 17
5 6 17
5 25 6
5 24 17
5 18 13
5 11 3
6 16 1
6 18 9
7 8 2
7 23 15
7 20 3
7 27 3
8 2 3
8 28 12
8 27 13
8 13 7
8 18 16
8 4 15
8 24 14
8 10 14
8 16 12
8 11 12
8 5 16
8 15 9
8 12 20
8 14 12
8 20 6
8 17 13
8 6 1
9 12 11
9 22 7
9 21 1
9 16 16
9 18 18
9 29 13
10 22 5
10 23 20
10 28 3
10 24 8
10 27 6
10 4 8
10 25 5
10 18 10
10 3 16
10 19 18
10 2 11
10 20 4
10 11 13
10 9 9
10 21 1
10 12 1
11 22 19
12 20 18
12 28 19
12 16 6
13 9 20
14 13 7
14 21 17
14 18 5
14 20 2
14 2 9
14 12 5
14 29 4
14 6 14
14 17 8
14 11 16
14 5 5
14 23 4
15 12 17
15 24 10
15 11 19
15 9 19
15 14 1
15 16 9
15 26 7
16 3 17
16 20 15
17 27 3
17 12 11
17 7 15
17 10 12
17 4 11
17 29 15
17 20 13
17 9 2
17 26 16
17 11 3
17 15 15
17 13 6
17 23 19
17 25 17
17 19 18
17 22 10
18 21 1
18 12 19
18 3 19
18 19 15
18 22 13
18 28 17
18 27 7
18 23 11
18 26 9
18 11 6
18 15 19
18 29 13
18 4 13
18 24 15
19 26 15
19 11 8
19 13 7
19 2 1
19 4 1
19 5 14
19 8 2
19 20 13
19 23 5
20 5 1
21 11 3
21 15 3
22 29 15
22 16 5
22 3 1
22 24 6
23 24 6
23 26 18
23 15 19
23 3 10
24 26 5
24 21 12
24 19 11
24 25 13
24 17 3
24 27 15
24 11 12
24 14 9
24 16 8
25 16 16
25 7 8
25 6 18
25 20 4
25 15 11
25 23 4
25 27 4
25 14 5
25 21 12
25 3 1
25 8 14
26 6 8
26 14 6
26 4 1
26 7 11
26 5 17
26 13 3
26 9 10
26 16 5
26 20 16
26 3 18
26 2 1
26 11 15
27 2 12
27 5 4
27 9 4
27 23 15
27 6 11
27 4 12
27 28 1
28 15 15
28 6 4
28 21 7
28 19 1
28 5 19
28 22 13
28 16 5
28 29 19
28 23 19
28 20 18
28 3 18
28 26 17
28 14 18
28 17 5
29 20 17
29 15 5
29 2 18
29 12 10
29 26 13
29 27 15
29 6 9
29 16 7
29 5 14
29 19 18
29 3 17
29 13 11
29 10 10
6 30 12
7 30 20
8 30 3
10 30 7
12 30 6
15 30 15
17 30 6
18 30 16
20 30 11
24 31 7
31 28 7
5 32 9
32 3 9
17 33 2
33 5 2
2 34 17
34 11 17
8 35 12
35 26 12
9 36 5
36 4 5
23 37 8
37 9 8
18 38 12
38 20 12
29 39 12
39 25 12
23 40 11
40 2 11
12 41 17
41 2 17
24 42 1
42 2 1
17 43 9
43 2 9
18 44 20
44 2 20
14 45 16
45 3 16
25 46 2
46 4 2
28 47 14
47 4 14
24 48 18
48 4 18
29 49 3
49 4 3
25 50 15
50 5 15
18 51 15
51 5 15
11 52 11
52 5 11
18 53 9
53 6 9
8 54 2
54 7 2
15 55 13
55 8 13
17 56 8
56 8 8
18 57 8
57 9 8
29 58 4
58 9 4
28 59 7
59 10 7
25 60 8
60 10 8
11 61 8
61 10 8
16 62 13
62 12 13
20 63 20
63 14 20
29 64 14
64 14 14
20 65 17
65 16 17
29 66 19
66 17 19
26 67 4
67 17 4
26 68 15
68 18 15
29 69 3
69 18 3
24 70 1
70 18 1
29 71 10
71 22 10
24 72 16
72 22 16
26 73 5
73 24 5
25 74 6
74 24 6
27 75 8
75 24 8
28 76 7
76 27 7
0 40 40 40 40 40 40 40 40 40 40 40 40 40 40 40 40 40 40 40 40 40 40 40 40 40 40 40 40 40 
0 0 126 126 126 118 76 59 121 79 126 126 61 126 122 126 78 120 101 126 71 113 126 126 90 126 93 73 116 116 
0 39 0 39 39 39 39 39 39 39 39 39 39 39 39 39 39 39 39 39 39 39 39 39 39 39 39 39 39 39 
0 94 94 0 94 94 76 59 94 79 94 94 61 94 94 94 78 94 94 94 71 94 94 94 90 94 93 73 94 94 
0 131 131 131 0 118 76 59 121 79 131 131 61 130 122 128 78 120 101 131 71 113 131 127 90 131 93 73 116 116 
0 30 30 30 30 0 30 30 30 30 30 30 30 30 30 30 30 30 30 30 30 30 30 30 30 30 30 30 30 42 
0 43 43 43 43 43 0 43 43 43 43 43 43 43 43 43 43 43 43 43 43 43 43 43 43 43 43 43 43 63 
0 150 162 137 153 118 76 0 121 79 163 145 61 130 122 128 78 120 101 161 71 113 143 127 90 132 93 73 116 116 
0 91 91 91 91 91 76 59 0 79 91 91 61 91 91 91 78 91 91 91 71 91 91 91 90 91 91 73 91 91 
0 150 158 137 153 118 76 59 121 0 158 145 61 130 122 128 78 120 101 158 71 113 143 127 90 132 93 73 116 116 
0 58 58 58 58 58 58 58 58 58 0 58 58 58 58 58 58 58 58 58 58 58 58 58 58 58 58 58 58 58 
0 80 80 80 80 80 76 59 80 79 80 0 61 80 80 80 78 80 80 80 71 80 80 80 80 80 80 73 80 86 
0 40 40 40 40 40 40 40 40 40 40 40 0 40 40 40 40 40 40 40 40 40 40 40 40 40 40 40 40 40 
0 132 132 132 132 118 76 59 121 79 132 132 61 0 122 128 78 120 101 132 71 113 132 127 90 132 93 73 116 116 
0 115 115 115 115 115 76 59 115 79 115 115 61 115 0 115 78 115 101 115 71 113 115 115 90 115 93 73 115 116 
0 65 65 65 65 65 65 59 65 65 65 65 61 65 65 0 65 65 65 65 65 65 65 65 65 65 65 65 65 65 
0 150 162 137 153 118 76 59 121 79 163 145 61 130 122 128 0 120 101 161 71 113 143 127 90 132 93 73 116 116 
0 150 162 137 153 118 76 59 121 79 163 145 61 130 122 128 78 0 101 161 71 113 143 127 90 132 93 73 116 116 
0 86 86 86 86 86 76 59 86 79 86 86 61 86 86 86 78 86 0 86 71 86 86 86 86 86 86 73 86 86 
0 58 58 58 58 58 58 58 58 58 58 58 58 58 58 58 58 58 58 0 58 58 58 58 58 58 58 58 58 69 
0 26 26 26 26 26 26 26 26 26 26 26 26 26 26 26 26 26 26 26 0 26 26 26 26 26 26 26 26 26 
0 47 47 47 47 47 47 47 47 47 47 47 47 47 47 47 47 47 47 47 47 0 47 47 47 47 47 47 47 47 
0 92 92 92 92 92 76 59 92 79 92 92 61 92 92 92 78 92 92 92 71 92 0 92 90 92 92 73 92 92 
0 150 151 137 151 118 76 59 121 79 151 145 61 130 122 128 78 120 101 151 71 113 143 0 90 132 93 73 116 116 
0 148 148 137 148 118 76 59 121 79 148 145 61 130 122 128 78 120 101 148 71 113 143 127 0 132 93 73 116 116 
0 150 155 137 153 118 76 59 121 79 155 145 61 130 122 128 78 120 101 155 71 113 143 127 90 0 93 73 116 116 
0 87 87 87 87 87 76 59 87 79 87 87 61 87 87 87 78 87 87 87 71 87 87 87 87 87 0 73 87 87 
0 150 162 137 153 118 76 59 121 79 163 145 61 130 122 128 78 120 101 161 71 113 143 127 90 132 93 0 116 116 
0 150 162 137 153 118 76 59 121 79 163 145 61 130 122 128 78 120 101 161 71 113 143 127 90 132 93 73 0 116 
0 0 0 0 0 0 0 0 0 0 0 0 0 0 0 0 0 0 0 0 0 0 0 0 0 0 0 0 0 0 
0