78 348 30 0
1 29 20
29 5 20
5 24 20
24 22 20
22 21 20
21 25 20
25 26 20
26 12 20
12 6 20
6 10 20
10 15 20
15 9 20
9 4 20
4 16 20
16 18 20
18 28 20
28 19 20
19 27 20
27 7 20
7 23 20
23 2 20
2 14 20
14 3 20
3 8 20
8 11 20
11 13 20
13 17 20
17 20 20
11 30 20
1 7 4
1 4 6
1 10 20
1 26 11
1 9 5
1 22 15
1 15 11
1 23 15
1 12 16
1 27 19
1 19 13
1 16 15
1 2 18
1 24 10
1 28 12
1 5 14
1 8 9
1 18 9
2 5 1
2 11 8
2 7 9
2 29 1
2 19 9
2 10 2
2 22 4
2 13 12
2 8 20
2 24 4
2 9 7
2 12 17
2 6 17
2 28 12
2 21 19
3 9 8
3 2 19
3 24 17
3 26 13
3 22 19
3 7 15
3 19 10
3 29 15
3 10 13
3 6 17
3 20 5
3 28 1
3 12 4
3 16 12
4 7 12
4 12 12
4 19 16
4 25 5
4 15 3
4 22 15
4 21 14
4 6 12
4 11 11
5 11 11
5 13 16
5 16 2
5 6 12
5 20 17
5 25 15
5 19 3
5 23 1
5 9 20
5 26 15
5 12 19
5 22 13
5 4 6
6 26 10
6 19 9
6 11 19
6 29 15
6 27 10
6 9 11
6 18 19
6 8 10
6 13 12
8 22 4
9 13 6
9 20 18
9 23 4
9 16 18
9 25 4
9 22 2
9 12 6
9 14 9
9 21 17
10 24 19
10 5 9
10 25 14
10 21 10
10 11 20
10 8 2
10 26 15
10 29 6
10 22 19
10 27 12
10 12 8
11 27 19
11 21 20
11 19 15
11 26 2
11 16 1
11 29 14
11 18 20
11 14 10
11 15 16
11 20 10
12 17 10
12 19 19
13 12 10
13 25 17
13 22 18
13 8 6
13 4 19
13 15 5
13 20 20
13 18 2
13 27 3
13 14 17
13 21 12
14 20 9
14 12 3
14 27 5
14 19 16
14 23 14
14 10 5
14 26 8
14 28 1
15 5 3
15 2 13
15 27 8
15 24 7
15 28 17
15 14 12
15 19 3
15 20 5
15 3 3
15 29 16
15 7 10
15 26 13
16 15 3
16 28 18
18 29 7
18 10 7
18 14 4
18 12 3
18 26 7
18 3 12
18 27 10
18 15 8
18 21 6
18 24 18
18 9 8
18 5 11
18 8 5
18 4 16
19 13 7
19 10 18
19 7 3
19 22 2
19 26 6
19 20 12
19 24 9
20 28 4
20 16 14
20 2 17
20 23 20
20 8 7
21 7 3
21 5 1
21 12 18
21 8 11
21 14 16
21 17 7
21 16 14
21 28 1
21 20 2
21 26 9
22 25 6
22 7 5
22 11 19
22 23 9
23 17 7
23 12 16
23 26 17
23 29 16
23 8 3
23 13 1
23 19 12
23 18 3
23 4 1
24 16 12
24 20 5
24 4 6
24 28 11
24 23 16
24 13 11
25 2 1
25 3 19
25 20 5
25 29 19
25 16 17
25 14 6
25 17 4
29 16 20
4 30 10
5 30 7
7 30 19
9 30 10
10 30 5
15 30 3
16 30 5
17 30 13
18 30 9
20 30 16
23 30 12
25 30 13
26 30 14
27 30 5
28 30 10
29 30 17
5 31 18
31 29 18
24 32 10
32 5 10
12 33 8
33 26 8
9 34 7
34 15 7
4 35 6
35 9 6
16 36 16
36 4 16
20 37 16
37 17 16
5 38 4
38 2 4
11 39 20
39 2 20
19 40 1
40 2 1
6 41 1
41 2 1
19 42 20
42 3 20
10 43 18
43 3 18
6 44 10
44 3 10
21 45 5
45 4 5
6 46 5
46 4 5
11 47 8
47 4 8
13 48 8
48 5 8
6 49 9
49 5 9
20 50 14
50 5 14
25 51 3
51 5 3
22 52 17
52 5 17
19 53 13
53 6 13
11 54 11
54 6 11
9 55 4
55 6 4
13 56 14
56 6 14
13 57 10
57 9 10
20 58 15
58 9 15
16 59 13
59 9 13
14 60 17
60 9 17
24 61 13
61 10 13
21 62 5
62 10 5
11 63 11
63 10 11
19 64 8
64 11 8
20 65 8
65 11 8
15 66 7
66 13 7
18 67 15
67 13 15
14 68 11
68 13 11
21 69 12
69 13 12
20 70 17
70 14 17
19 71 10
71 14 10
23 72 2
72 14 2
20 73 7
73 15 7
21 74 12
74 18 12
24 75 7
75 18 7
20 76 17
76 19 17
24 77 12
77 19 12
23 78 6
78 22 6
0 114 102 108 120 120 81 93 140 114 124 152 130 123 80 145 64 92 174 128 118 137 99 104 81 154 106 97 147 188 
0 0 102 102 106 120 77 84 135 94 124 136 130 123 69 130 64 83 161 128 118 122 84 94 81 143 87 85 127 162 
0 96 0 102 106 120 77 84 135 94 124 136 130 123 69 130 64 83 161 128 118 122 84 94 81 143 87 85 127 188 
0 96 102 0 106 120 77 84 126 94 124 126 126 123 69 126 64 83 126 126 118 122 84 94 81 126 87 85 126 136 
0 96 102 102 0 120 77 84 135 94 124 136 130 123 69 130 64 83 161 128 118 122 84 94 81 143 87 85 127 188 
0 96 102 102 106 0 77 84 135 94 124 136 130 123 69 130 64 83 160 128 118 122 84 94 81 143 87 85 127 160 
0 20 20 20 20 20 0 20 20 20 20 20 20 20 20 20 20 20 20 20 20 20 20 20 20 20 20 20 20 39 
0 24 24 24 24 24 24 0 24 24 24 24 24 24 24 24 24 24 24 24 24 24 24 24 24 24 24 24 24 24 
0 96 102 102 106 115 77 84 0 94 115 115 115 115 69 115 64 83 115 115 115 115 84 94 81 115 87 85 115 125 
0 96 102 102 106 120 77 84 135 0 124 136 130 123 69 130 64 83 161 128 118 122 84 94 81 143 87 85 127 177 
0 96 102 102 106 120 77 84 135 94 0 136 130 123 69 130 64 83 161 128 118 122 84 94 81 143 87 85 127 188 
0 49 49 49 49 49 49 49 49 49 49 0 49 49 49 49 49 49 49 49 49 49 49 49 49 57 49 49 49 57 
0 96 102 102 106 120 77 84 135 94 124 136 0 123 69 130 64 83 161 128 118 122 84 94 81 143 87 85 127 181 
0 96 102 102 106 109 77 84 109 94 109 109 109 0 69 109 64 83 109 109 109 109 84 94 81 109 87 85 109 109 
0 96 102 102 106 120 77 84 135 94 124 136 130 123 0 130 64 83 137 128 118 122 84 94 81 137 87 85 127 140 
0 70 70 70 70 70 70 70 70 70 70 70 70 70 69 0 64 70 70 70 70 70 70 70 70 70 70 70 70 75 
0 20 20 20 20 20 20 20 20 20 20 20 20 20 20 20 0 20 20 20 20 20 20 20 20 20 20 20 20 33 
0 96 102 102 106 120 77 84 135 94 124 136 130 123 69 130 64 0 157 128 118 122 84 94 81 143 87 85 127 166 
0 96 102 102 106 120 77 84 126 94 124 126 126 123 69 126 64 83 0 126 118 122 84 94 81 126 87 85 126 129 
0 96 102 102 106 120 77 84 135 94 124 136 130 123 69 130 64 83 140 0 118 122 84 94 81 140 87 85 127 169 
0 96 102 102 106 120 77 84 135 94 124 136 130 123 69 130 64 83 136 128 0 122 84 94 81 136 87 85 127 136 
0 76 76 76 76 76 76 76 76 76 76 76 76 76 69 76 64 76 76 76 76 0 76 76 76 76 76 76 76 76 
0 96 102 102 104 104 77 84 104 94 104 104 104 104 69 104 64 83 104 104 104 104 0 94 81 104 87 85 104 116 
0 96 102 102 106 120 77 84 123 94 123 123 123 123 69 123 64 83 123 123 118 122 84 0 81 123 87 85 123 123 
0 94 94 94 94 94 77 84 94 94 94 94 94 94 69 94 64 83 94 94 94 94 84 94 0 94 87 85 94 107 
0 20 20 20 20 20 20 20 20 20 20 20 20 20 20 20 20 20 20 20 20 20 20 20 20 0 20 20 20 34 
0 20 20 20 20 20 20 20 20 20 20 20 20 20 20 20 20 20 20 20 20 20 20 20 20 20 0 20 20 25 
0 20 20 20 20 20 20 20 20 20 20 20 20 20 20 20 20 20 20 20 20 20 20 20 20 20 20 0 20 30 
0 40 40 40 40 40 40 40 40 40 40 40 40 40 40 40 40 40 40 40 40 40 40 40 40 40 40 40 0 57 
0 0 0 0 0 0 0 0 0 0 0 0 0 0 0 0 0 0 0 0 0 0 0 0 0 0 0 0 0 0 
0