92 362 30 0
1 27 20
27 28 20
28 9 20
9 2 20
2 16 20
16 13 20
13 18 20
18 5 20
5 24 20
24 29 20
29 23 20
23 4 20
4 15 20
15 7 20
7 14 20
14 20 20
20 6 20
6 3 20
3 12 20
12 26 20
26 11 20
11 17 20
17 19 20
19 22 20
22 25 20
25 8 20
8 10 20
10 21 20
27 30 20
1 17 4
1 15 11
1 4 17
1 29 7
1 26 14
1 14 6
1 19 13
1 6 18
1 12 12
1 24 9
1 7 13
1 3 1
2 27 7
3 27 16
3 24 18
3 21 14
3 25 14
3 16 14
3 15 9
3 8 19
3 26 20
3 29 15
3 23 10
3 14 15
3 20 11
3 9 20
3 22 6
3 10 13
4 7 4
4 27 19
4 10 12
4 6 8
4 22 15
4 9 3
5 17 6
5 3 17
5 25 12
5 27 11
6 22 17
6 15 20
6 10 4
6 7 9
6 24 20
6 17 18
6 18 20
6 13 16
6 23 11
6 2 8
6 26 20
6 25 1
6 19 19
6 14 19
6 29 1
6 27 6
7 22 6
7 21 17
7 19 16
7 23 18
7 9 10
7 24 14
7 18 12
7 10 6
7 25 13
8 18 20
8 4 14
8 23 10
8 19 7
8 20 13
9 11 7
9 12 6
9 14 7
9 20 9
9 5 11
9 27 10
9 19 11
9 18 6
9 13 13
9 16 10
9 6 1
9 10 15
9 24 14
9 8 18
9 29 19
9 21 12
9 26 2
10 15 12
10 26 11
10 27 7
10 28 7
10 17 7
10 12 4
10 14 1
10 13 9
10 19 3
10 24 8
10 25 20
10 11 18
10 22 19
10 29 20
10 16 5
11 24 1
11 27 18
11 28 4
11 20 3
11 15 1
12 15 10
12 18 5
12 23 11
12 5 6
13 22 9
13 21 16
13 12 8
14 22 10
14 19 7
14 15 11
14 8 18
14 5 18
14 11 15
14 13 11
14 25 19
14 2 10
15 27 4
16 24 11
16 21 11
16 4 13
16 6 17
16 5 17
16 23 3
16 27 2
16 15 5
16 12 13
16 8 14
16 18 18
16 26 2
16 19 9
16 22 2
16 25 10
17 18 20
18 20 9
18 15 9
18 10 2
19 11 2
19 24 3
19 28 11
19 13 11
19 4 18
19 15 4
19 5 10
19 27 3
19 2 13
19 29 11
19 25 6
19 12 5
21 25 17
21 23 19
21 28 3
21 29 5
21 15 8
21 4 4
22 20 7
22 2 17
22 29 20
22 24 12
22 11 6
22 15 11
22 8 4
22 17 2
22 26 11
22 18 6
22 12 16
23 22 2
23 10 18
23 24 10
23 28 18
23 27 12
23 15 9
24 18 14
24 26 16
24 14 8
24 27 1
24 4 13
24 2 12
24 13 14
24 25 9
24 28 20
24 17 4
24 20 18
24 8 17
24 12 16
25 29 15
25 17 14
25 23 7
25 20 20
25 13 1
25 26 19
26 19 16
26 28 13
26 4 10
27 20 1
27 14 13
27 8 16
27 22 5
27 13 5
27 7 12
27 29 18
27 18 19
28 12 18
28 16 17
29 2 2
2 31 20
31 9 20
16 32 9
32 2 9
18 33 10
33 13 10
12 34 5
34 3 5
19 35 7
35 17 7
8 36 17
36 25 17
21 37 12
37 10 12
27 38 10
38 3 10
21 39 17
39 3 17
25 40 4
40 3 4
16 41 8
41 3 8
23 42 1
42 3 1
7 43 6
43 4 6
27 44 4
44 4 4
6 45 18
45 4 18
22 46 19
46 4 19
25 47 13
47 5 13
27 48 12
48 5 12
7 49 10
49 6 10
24 50 13
50 6 13
26 51 4
51 6 4
25 52 8
52 6 8
19 53 19
53 6 19
14 54 17
54 6 17
27 55 5
55 6 5
22 56 17
56 7 17
21 57 13
57 7 13
23 58 8
58 7 8
9 59 20
59 7 20
24 60 20
60 7 20
25 61 4
61 7 4
19 62 6
62 8 6
20 63 6
63 9 6
18 64 13
64 9 13
16 65 13
65 9 13
21 66 16
66 9 16
27 67 20
67 10 20
13 68 15
68 10 15
19 69 14
69 10 14
24 70 11
70 10 11
11 71 10
71 10 10
22 72 8
72 10 8
24 73 20
73 11 20
27 74 17
74 11 17
22 75 13
75 13 13
22 76 14
76 14 14
19 77 19
77 14 19
27 78 1
78 15 1
24 79 18
79 16 18
27 80 3
80 16 3
18 81 2
81 16 2
19 82 6
82 16 6
22 83 3
83 16 3
18 84 6
84 17 6
24 85 14
85 19 14
28 86 5
86 19 5
27 87 12
87 19 12
25 88 15
88 19 15
28 89 4
89 23 4
27 90 7
90 23 7
27 91 17
91 24 17
28 92 15
92 24 15
0 91 83 145 107 140 140 132 121 145 105 118 123 122 141 98 88 145 145 111 90 111 120 145 145 135 136 96 145 20 
0 0 47 47 47 47 47 47 47 47 47 47 47 47 47 47 47 47 47 47 47 47 47 47 47 47 47 47 47 20 
0 91 0 139 107 122 127 132 121 180 105 106 123 116 130 98 84 160 154 111 90 111 120 163 158 121 116 96 144 20 
0 81 81 0 81 81 81 81 81 81 81 81 81 81 81 81 81 81 81 81 81 81 81 81 81 81 81 81 81 20 
0 66 66 66 0 66 66 66 66 66 66 66 66 66 66 66 66 66 66 66 66 66 66 66 66 66 66 66 66 20 
0 91 82 139 107 0 127 132 121 180 105 106 123 116 130 98 84 160 154 111 90 111 120 163 158 121 116 96 144 20 
0 91 82 139 107 122 0 132 121 148 105 106 123 116 130 98 84 148 148 111 90 111 120 148 148 121 116 96 144 20 
0 91 82 101 101 101 101 0 101 101 101 101 101 101 101 98 84 101 101 101 90 101 101 101 101 101 101 96 101 20 
0 91 82 139 107 122 127 132 0 180 105 106 123 116 130 98 84 160 154 111 90 111 120 163 158 121 116 96 144 20 
0 91 82 139 107 122 127 132 121 0 105 106 123 116 130 98 84 160 154 111 90 111 120 163 158 121 116 96 144 20 
0 57 57 57 57 57 57 57 57 57 0 57 57 57 57 57 57 57 57 57 57 57 57 57 57 57 57 57 57 20 
0 57 57 57 57 57 57 57 57 57 57 0 57 57 57 57 57 57 57 57 57 57 57 57 57 57 57 57 57 20 
0 68 68 68 68 68 68 68 68 68 68 68 0 68 68 68 68 68 68 68 68 68 68 68 68 68 68 68 68 20 
0 91 82 139 107 122 127 132 121 156 105 106 123 0 130 98 84 156 154 111 90 111 120 156 156 121 116 96 144 20 
0 24 24 24 24 24 24 24 24 24 24 24 24 24 0 24 24 24 24 24 24 24 24 24 24 24 24 24 24 20 
0 91 82 139 107 122 127 132 121 180 105 106 123 116 130 0 84 160 154 111 90 111 120 163 158 121 116 96 144 20 
0 40 40 40 40 40 40 40 40 40 40 40 40 40 40 40 0 40 40 40 40 40 40 40 40 40 40 40 40 20 
0 71 71 71 71 71 71 71 71 71 71 71 71 71 71 71 71 0 71 71 71 71 71 71 71 71 71 71 71 20 
0 91 82 139 107 122 127 132 121 180 105 106 123 116 130 98 84 160 0 111 90 111 120 163 158 121 116 96 144 20 
0 26 26 26 26 26 26 26 26 26 26 26 26 26 26 26 26 26 26 0 26 26 26 26 26 26 26 26 26 20 
0 91 82 114 107 114 114 114 114 114 105 106 114 114 114 98 84 114 114 111 0 111 114 114 114 114 114 96 114 20 
0 91 82 139 107 122 127 132 121 180 105 106 123 116 130 98 84 160 154 111 90 0 120 163 158 121 116 96 144 20 
0 91 82 98 98 98 98 98 98 98 98 98 98 98 98 98 84 98 98 98 90 98 0 98 98 98 98 96 98 20 
0 91 82 139 107 122 127 132 121 180 105 106 123 116 130 98 84 160 154 111 90 111 120 0 158 121 116 96 144 20 
0 91 82 139 107 122 127 132 121 140 105 106 123 116 130 98 84 140 140 111 90 111 120 140 0 121 116 96 140 20 
0 63 63 63 63 63 63 63 63 63 63 63 63 63 63 63 63 63 63 63 63 63 63 63 63 0 63 63 63 20 
0 91 82 139 107 122 127 132 121 180 105 106 123 116 130 98 84 160 154 111 90 111 120 163 158 121 0 96 144 20 
0 79 79 79 79 79 79 79 79 79 79 79 79 79 79 79 79 79 79 79 79 79 79 79 79 79 79 0 79 20 
0 22 22 22 22 22 22 22 22 22 22 22 22 22 22 22 22 22 22 22 22 22 22 22 22 22 22 22 0 20 
0 0 0 0 0 0 0 0 0 0 0 0 0 0 0 0 0 0 0 0 0 0 0 0 0 0 0 0 0 0 
0