76 346 30 0
1 19 20
19 9 20
9 15 20
15 29 20
29 7 20
7 2 20
2 6 20
6 20 20
20 23 20
23 25 20
25 27 20
27 17 20
17 14 20
14 16 20
16 3 20
3 13 20
13 26 20
26 4 20
4 11 20
11 24 20
24 5 20
5 22 20
22 12 20
12 21 20
21 18 20
18 8 20
8 10 20
10 28 20
3 30 20
1 5 5
1 18 4
1 22 18
1 11 15
1 15 14
1 2 14
1 25 6
1 28 12
1 17 10
1 7 2
1 13 11
1 30 3
2 25 12
2 15 20
2 27 3
2 4 1
2 3 15
2 20 9
2 8 12
3 26 4
3 23 13
3 24 15
3 8 16
3 12 10
3 11 3
3 15 13
3 5 16
3 4 9
3 27 20
3 9 8
3 20 14
3 22 12
3 21 7
3 18 4
4 25 6
4 5 12
5 8 19
5 17 16
5 16 3
5 12 3
5 2 11
5 13 6
5 27 4
5 15 17
5 23 3
5 26 2
6 8 19
6 26 1
6 24 12
6 25 7
6 14 17
6 17 11
6 15 11
6 10 11
6 23 5
6 18 9
6 13 13
6 27 8
6 12 20
6 28 14
6 3 5
6 7 3
6 19 16
7 11 1
7 3 12
7 14 14
7 5 10
7 12 18
7 19 10
7 26 16
7 13 4
7 8 13
7 27 10
7 16 5
7 20 16
7 25 11
7 18 10
7 10 16
7 28 13
7 4 4
8 24 4
8 27 20
8 28 1
9 20 20
9 10 20
9 26 16
10 16 4
10 23 4
10 26 7
10 17 3
10 18 7
10 29 16
10 11 8
10 4 1
10 13 8
10 15 15
10 24 9
10 14 1
10 22 11
10 21 4
10 25 20
11 14 16
11 13 11
11 15 19
11 12 1
11 20 7
11 2 16
11 6 17
11 18 13
11 19 1
11 16 8
12 24 11
12 20 10
12 26 17
12 18 15
12 15 11
12 17 13
12 23 9
12 29 8
12 19 2
12 4 20
12 27 16
12 8 6
12 25 1
12 28 11
13 2 6
13 18 16
13 27 20
13 23 15
13 12 2
14 9 3
14 2 1
14 4 8
14 13 18
14 5 4
14 22 5
14 18 7
14 29 14
14 8 7
14 25 8
14 28 5
15 27 13
15 13 13
15 20 2
15 21 14
15 16 10
15 23 4
16 18 2
16 17 11
16 28 7
16 19 14
16 4 19
16 2 18
16 29 13
16 22 9
16 13 3
16 25 3
16 26 1
17 26 16
17 9 20
17 3 20
18 20 18
18 23 20
18 15 16
18 2 2
19 18 4
19 29 7
19 25 15
20 19 4
20 4 10
20 16 3
20 25 6
20 14 19
20 29 4
21 6 3
21 29 2
21 25 17
21 13 13
21 16 3
21 9 10
21 2 14
21 5 12
21 17 9
22 17 11
22 4 9
22 26 9
22 8 10
22 27 4
22 23 11
22 15 12
22 19 12
22 13 12
22 2 4
22 20 15
22 7 13
22 25 10
22 11 18
24 17 5
24 18 19
24 13 8
24 9 1
24 14 5
24 22 6
25 13 18
25 3 10
25 29 20
25 24 19
25 5 13
25 9 3
26 14 7
26 18 19
26 2 6
26 23 17
26 11 12
26 21 15
26 28 12
26 20 4
26 27 10
26 24 4
5 30 4
6 30 10
7 30 20
8 30 10
9 30 20
10 30 12
6 31 5
31 2 5
20 32 15
32 6 15
23 33 7
33 20 7
3 34 18
34 16 18
5 35 3
35 24 3
12 36 17
36 22 17
21 37 1
37 12 1
18 38 3
38 21 3
10 39 11
39 8 11
20 40 14
40 2 14
26 41 18
41 3 18
8 42 11
42 3 11
11 43 11
43 3 11
15 44 1
44 3 1
20 45 15
45 3 15
21 46 19
46 3 19
16 47 6
47 5 6
12 48 8
48 5 8
15 49 4
49 5 4
23 50 18
50 5 18
26 51 7
51 5 7
8 52 20
52 6 20
14 53 3
53 6 3
15 54 9
54 6 9
10 55 5
55 6 5
19 56 16
56 6 16
26 57 13
57 7 13
16 58 10
58 7 10
24 59 7
59 8 7
16 60 17
60 10 17
26 61 2
61 10 2
13 62 6
62 10 6
15 63 2
63 10 2
22 64 20
64 10 20
14 65 4
65 11 4
15 66 5
66 11 5
12 67 10
67 11 10
19 68 1
68 11 1
26 69 20
69 12 20
22 70 4
70 14 4
20 71 20
71 15 20
16 72 9
72 15 9
22 73 9
73 16 9
25 74 12
74 21 12
26 75 5
75 22 5
25 76 10
76 22 10
0 119 119 101 119 108 61 119 65 114 97 95 119 103 119 83 109 119 79 119 75 113 119 97 119 109 119 95 104 99 
0 0 92 92 92 92 59 92 65 92 82 92 92 92 92 83 92 92 59 92 75 92 92 92 92 92 92 83 92 92 
0 117 0 101 130 108 59 140 65 114 82 95 147 103 183 83 99 145 59 142 75 95 121 97 136 109 148 83 104 96 
0 38 38 0 38 38 38 38 38 38 38 38 38 38 38 38 38 38 38 38 38 38 38 38 38 38 38 38 38 38 
0 107 107 101 0 107 59 107 65 107 82 95 107 103 107 83 99 107 59 107 75 95 107 97 107 107 107 83 104 96 
0 117 157 101 130 0 59 140 65 114 82 95 147 103 183 83 99 145 59 142 75 95 121 97 136 109 148 83 104 96 
0 117 157 101 130 108 0 140 65 114 82 95 147 103 183 83 99 145 59 142 75 95 121 97 136 109 148 83 104 96 
0 75 75 75 75 75 59 0 65 75 75 75 75 75 75 75 75 75 59 75 75 75 75 75 75 75 75 76 75 85 
0 76 76 76 76 76 59 76 0 76 76 76 76 76 76 76 76 76 59 76 75 76 76 76 76 76 76 76 76 96 
0 117 134 101 130 108 59 134 65 0 82 95 134 103 134 83 99 134 59 134 75 95 121 97 134 109 134 83 104 96 
0 117 140 101 130 108 59 140 65 114 0 95 140 103 140 83 99 140 59 140 75 95 121 97 136 109 140 83 104 96 
0 117 157 101 130 108 59 140 65 114 82 0 147 103 183 83 99 145 59 142 75 95 121 97 136 109 148 83 104 96 
0 85 85 85 85 85 59 85 65 85 82 85 0 85 85 83 85 85 59 85 75 85 85 85 85 85 85 83 85 85 
0 102 102 101 102 102 59 102 65 102 82 95 102 0 102 83 99 102 59 102 75 95 102 97 102 102 102 83 102 96 
0 97 97 97 97 97 59 97 65 97 82 95 97 97 0 83 97 97 59 97 75 95 97 97 97 97 97 83 97 96 
0 117 155 101 130 108 59 140 65 114 82 95 147 103 155 0 99 145 59 142 75 95 121 97 136 109 148 83 104 96 
0 76 76 76 76 76 59 76 65 76 76 76 76 76 76 76 0 76 59 76 75 76 76 76 76 76 76 76 76 76 
0 79 79 79 79 79 59 79 65 79 79 79 79 79 79 79 79 0 59 79 75 79 79 79 79 79 79 79 79 79 
0 63 63 63 63 63 59 63 63 63 63 63 63 63 63 63 63 63 0 63 63 63 63 63 63 63 63 63 63 63 
0 117 130 101 130 108 59 130 65 114 82 95 130 103 130 83 99 130 59 0 75 95 121 97 130 109 130 83 104 96 
0 117 123 101 123 108 59 123 65 114 82 95 123 103 123 83 99 123 59 123 0 95 121 97 123 109 123 83 104 96 
0 117 157 101 130 108 59 140 65 114 82 95 147 103 183 83 99 145 59 142 75 0 121 97 136 109 148 83 104 96 
0 45 45 45 45 45 45 45 45 45 45 45 45 45 45 45 45 45 45 45 45 45 0 45 45 45 45 45 45 45 
0 71 71 71 71 71 59 71 65 71 71 71 71 71 71 71 71 71 59 71 71 71 71 0 71 71 71 71 71 71 
0 117 125 101 125 108 59 125 65 114 82 95 125 103 125 83 99 125 59 125 75 95 121 97 0 109 125 83 104 96 
0 117 157 101 130 108 59 140 65 114 82 95 147 103 179 83 99 145 59 142 75 95 121 97 136 0 148 83 104 96 
0 20 20 20 20 20 20 20 20 20 20 20 20 20 20 20 20 20 20 20 20 20 20 20 20 20 0 20 20 20 
0 0 0 0 0 0 0 0 0 0 0 0 0 0 0 0 0 0 0 0 0 0 0 0 0 0 0 0 0 0 
0 20 20 20 20 20 20 20 20 20 20 20 20 20 20 20 20 20 20 20 20 20 20 20 20 20 20 20 0 20 
0 0 0 0 0 0 0 0 0 0 0 0 0 0 0 0 0 0 0 0 0 0 0 0 0 0 0 0 0 0 
0