88 358 30 0
1 19 20
19 27 20
27 5 20
5 23 20
23 17 20
17 21 20
21 18 20
18 13 20
13 12 20
12 29 20
29 14 20
14 11 20
11 20 20
20 3 20
3 26 20
26 4 20
4 10 20
10 25 20
25 7 20
7 2 20
2 22 20
22 28 20
28 8 20
8 16 20
16 6 20
6 15 20
15 24 20
24 9 20
26 30 20
1 22 3
1 6 5
2 26 17
2 20 13
2 8 19
2 19 17
2 18 8
3 21 6
3 10 18
3 24 9
3 28 5
4 28 15
4 19 7
4 2 18
4 29 5
4 21 14
4 22 11
4 9 18
4 17 8
4 14 17
4 16 10
4 8 18
4 20 3
4 6 5
4 23 9
5 22 5
5 9 14
6 8 1
6 13 6
6 9 15
7 11 15
7 21 17
7 20 15
7 29 6
7 19 1
7 26 8
7 16 20
7 27 18
7 5 17
7 12 9
7 28 19
7 23 4
7 10 2
8 25 15
8 21 8
8 10 7
8 13 8
8 26 2
8 11 16
8 14 1
8 19 10
8 7 2
8 27 2
8 3 3
8 23 16
8 5 19
8 20 5
8 15 1
8 24 8
9 16 19
9 23 20
9 25 12
10 12 5
10 14 13
10 17 20
10 19 10
10 5 20
10 15 8
10 26 12
10 24 9
10 2 17
10 16 15
10 28 3
10 29 14
10 6 12
11 26 19
11 10 8
11 17 11
11 24 6
11 16 17
11 12 3
11 23 16
11 18 3
11 5 4
11 2 19
12 14 1
12 26 12
12 23 13
12 22 1
12 18 2
12 15 7
12 27 1
12 21 18
12 5 17
13 26 12
13 9 19
13 20 7
13 2 10
13 17 4
14 17 20
14 27 10
14 20 2
14 23 17
14 15 1
14 25 3
14 2 3
14 9 19
14 13 6
14 28 13
14 21 6
14 18 1
14 7 12
15 19 8
15 7 8
15 18 5
15 13 18
15 20 20
16 26 16
16 19 7
16 18 7
16 22 19
16 29 12
16 5 14
17 29 9
17 22 17
17 8 16
17 27 2
17 28 10
17 15 6
17 18 19
17 16 15
17 19 10
17 25 2
17 7 12
18 4 2
18 5 9
18 23 13
18 28 12
18 24 1
19 23 17
19 25 1
19 12 13
20 27 3
20 23 4
20 21 14
21 13 1
21 23 17
21 25 1
21 6 20
21 11 3
21 24 5
21 28 6
22 27 20
22 19 11
22 8 15
22 11 13
22 3 8
22 20 14
22 10 5
22 14 9
22 18 14
22 9 20
22 6 1
22 21 1
22 25 11
22 23 12
23 29 20
23 28 18
23 27 9
25 18 8
25 27 20
25 20 2
25 28 6
25 15 13
25 13 8
25 5 19
25 26 15
25 24 20
25 29 11
25 2 12
25 23 13
25 4 3
25 11 14
26 19 15
26 20 8
26 23 13
26 15 19
26 22 7
26 24 8
27 13 10
28 16 5
28 13 15
28 5 7
28 15 6
28 11 12
28 29 8
28 19 17
2 30 9
4 30 16
6 30 5
7 30 17
11 30 14
12 30 4
13 30 16
15 30 20
16 30 8
17 30 8
20 30 7
21 30 11
23 30 17
27 30 10
28 30 13
29 30 18
27 31 20
31 19 20
21 32 15
32 17 15
12 33 3
33 13 3
14 34 15
34 29 15
3 35 8
35 20 8
4 36 13
36 26 13
25 37 5
37 10 5
7 38 17
38 25 17
2 39 14
39 7 14
8 40 9
40 28 9
6 41 16
41 16 16
26 42 16
42 2 16
8 43 2
43 2 2
10 44 8
44 3 8
28 45 1
45 3 1
28 46 11
46 4 11
19 47 13
47 4 13
17 48 16
48 4 16
8 49 18
49 6 18
13 50 5
50 6 5
26 51 14
51 7 14
27 52 20
52 7 20
25 53 18
53 8 18
21 54 11
54 8 11
10 55 20
55 8 20
26 56 1
56 8 1
11 57 7
57 8 7
14 58 11
58 8 11
27 59 1
59 8 1
25 60 11
60 9 11
12 61 18
61 10 18
14 62 18
62 10 18
17 63 1
63 10 1
24 64 13
64 10 13
16 65 8
65 11 8
18 66 12
66 11 12
26 67 17
67 12 17
23 68 11
68 12 11
21 69 16
69 12 16
26 70 13
70 13 13
17 71 6
71 13 6
17 72 12
72 14 12
25 73 1
73 14 1
21 74 1
74 14 1
18 75 14
75 14 14
20 76 12
76 15 12
29 77 12
77 17 12
22 78 3
78 17 3
19 79 6
79 17 6
25 80 5
80 17 5
28 81 1
81 18 1
23 82 10
82 19 10
23 83 17
83 21 17
23 84 1
84 22 1
28 85 5
85 23 5
28 86 18
86 25 18
26 87 9
87 25 9
29 88 2
88 25 2
0 28 28 28 28 28 28 28 28 28 28 28 28 28 28 28 28 28 28 28 28 28 28 28 28 28 28 28 28 28 
0 0 40 65 108 81 102 108 108 108 108 94 108 89 93 108 108 88 108 108 108 81 108 86 108 108 105 108 108 117 
0 66 0 65 66 66 66 66 66 66 66 66 66 66 66 66 66 66 66 66 66 66 66 66 66 66 66 66 66 66 
0 117 40 0 146 81 102 158 136 115 113 94 114 89 93 137 124 88 143 117 121 81 191 86 111 146 105 136 120 207 
0 39 39 39 0 39 39 39 39 39 39 39 39 39 39 39 39 39 39 39 39 39 39 39 39 39 39 39 39 39 
0 58 40 58 58 0 58 58 58 58 58 58 58 58 58 58 58 58 58 58 58 58 58 58 58 58 58 58 58 63 
0 117 40 65 146 81 0 158 136 115 113 94 114 89 93 137 124 88 143 117 121 81 188 86 111 146 105 136 120 205 
0 117 40 65 146 81 102 0 136 115 113 94 114 89 93 137 124 88 143 117 121 81 172 86 111 146 105 136 120 172 
0 51 40 51 51 51 51 51 0 51 51 51 51 51 51 51 51 51 51 51 51 51 51 51 51 51 51 51 51 51 
0 117 40 65 146 81 102 158 136 0 113 94 114 89 93 137 124 88 143 117 121 81 206 86 111 146 105 136 120 206 
0 117 40 65 133 81 102 133 133 115 0 94 114 89 93 133 124 88 133 117 121 81 133 86 111 133 105 133 120 147 
0 113 40 65 113 81 102 113 113 113 113 0 113 89 93 113 113 88 113 113 113 81 113 86 111 113 105 113 113 117 
0 77 40 65 77 77 77 77 77 77 77 77 0 77 77 77 77 77 77 77 77 77 77 77 77 77 77 77 77 93 
0 117 40 65 146 81 102 158 136 115 113 94 114 0 93 137 124 88 143 117 121 81 176 86 111 146 105 136 120 177 
0 79 40 65 79 79 79 79 79 79 79 79 79 79 0 79 79 79 79 79 79 79 79 79 79 79 79 79 79 99 
0 103 40 65 103 81 102 103 103 103 103 94 103 89 93 0 103 88 103 103 103 81 103 86 103 103 103 103 103 111 
0 117 40 65 146 81 102 158 136 115 113 94 114 89 93 137 0 88 143 117 121 81 173 86 111 146 105 136 120 181 
0 83 40 65 83 81 83 83 83 83 83 83 83 83 83 83 83 0 83 83 83 81 83 83 83 83 83 83 83 83 
0 70 40 65 70 70 70 70 70 70 70 70 70 70 70 70 70 70 0 70 70 70 70 70 70 70 70 70 70 70 
0 53 40 53 53 53 53 53 53 53 53 53 53 53 53 53 53 53 53 0 53 53 53 53 53 53 53 53 53 60 
0 116 40 65 116 81 102 116 116 115 113 94 114 89 93 116 116 88 116 116 0 81 116 86 111 116 105 116 116 127 
0 117 40 65 146 81 102 158 136 115 113 94 114 89 93 137 124 88 143 117 121 0 177 86 111 146 105 136 120 177 
0 106 40 65 106 81 102 106 106 106 106 94 106 89 93 106 106 88 106 106 106 81 0 86 106 106 105 106 106 123 
0 33 33 33 33 33 33 33 33 33 33 33 33 33 33 33 33 33 33 33 33 33 33 0 33 33 33 33 33 33 
0 117 40 65 146 81 102 158 136 115 113 94 114 89 93 137 124 88 143 117 121 81 209 86 0 146 105 136 120 213 
0 117 40 65 146 81 102 158 136 115 113 94 114 89 93 137 124 88 143 117 121 81 160 86 111 0 105 136 120 180 
0 71 40 65 71 71 71 71 71 71 71 71 71 71 71 71 71 71 71 71 71 71 71 71 71 71 0 71 71 81 
0 117 40 65 126 81 102 126 126 115 113 94 114 89 93 126 124 88 126 117 121 81 126 86 111 126 105 0 120 139 
0 34 34 34 34 34 34 34 34 34 34 34 34 34 34 34 34 34 34 34 34 34 34 34 34 34 34 34 0 52 
0 0 0 0 0 0 0 0 0 0 0 0 0 0 0 0 0 0 0 0 0 0 0 0 0 0 0 0 0 0 
0