76 346 30 0
1 27 20
27 7 20
7 18 20
18 9 20
9 29 20
29 20 20
20 25 20
25 23 20
23 8 20
8 2 20
2 21 20
21 16 20
16 22 20
22 5 20
5 12 20
12 28 20
28 10 20
10 14 20
14 24 20
24 4 20
4 19 20
19 6 20
6 15 20
15 17 20
17 13 20
13 11 20
11 3 20
3 26 20
6 30 20
1 16 16
1 10 20
1 20 1
1 3 16
1 6 1
1 24 8
1 5 7
1 15 15
1 26 18
1 2 1
1 30 11
3 18 5
3 28 18
3 4 3
3 21 11
3 8 16
3 24 6
3 7 18
3 13 20
3 12 16
3 23 7
3 15 7
3 20 11
4 2 8
4 13 17
4 11 9
5 13 19
5 21 8
5 7 16
5 14 4
5 18 2
5 29 17
5 27 16
6 24 14
6 16 1
6 10 2
6 3 4
6 12 2
6 27 8
6 11 1
6 21 13
6 8 4
6 13 13
6 18 6
6 26 3
6 17 6
6 23 4
6 22 14
6 7 2
7 23 14
7 15 10
7 10 7
7 24 13
7 26 14
7 22 8
7 4 5
7 21 1
7 29 1
7 12 8
8 15 3
8 13 10
9 19 8
9 2 20
9 15 13
9 5 10
9 16 13
9 11 12
9 17 12
9 22 14
9 28 12
9 20 20
9 6 19
9 25 7
9 26 18
9 13 14
9 12 14
9 23 6
9 7 11
9 3 11
10 22 8
11 2 16
11 25 19
11 29 8
11 12 16
11 28 6
11 15 2
11 18 19
11 16 1
11 23 3
11 26 16
11 22 14
11 20 10
11 17 20
11 8 1
12 13 5
12 10 9
12 21 11
12 24 2
12 23 3
12 2 1
12 14 13
12 22 10
12 8 15
12 26 5
12 25 4
13 29 16
13 27 15
13 20 11
13 18 5
13 26 10
13 25 6
13 28 14
13 19 1
13 7 16
14 7 11
14 19 14
14 20 8
14 27 10
14 22 8
14 11 10
14 23 12
14 4 14
14 21 9
14 15 4
14 9 13
14 6 4
15 24 1
15 19 7
15 27 4
15 10 15
15 25 19
15 16 1
15 23 20
15 5 19
15 13 2
15 29 10
15 22 17
15 26 13
15 2 17
16 12 5
16 14 16
16 18 18
17 4 16
17 5 5
17 27 9
17 16 11
17 18 4
17 12 20
17 7 19
17 25 15
17 19 14
17 26 19
17 21 9
17 22 16
18 19 3
18 22 8
18 26 3
18 29 10
18 23 15
18 4 17
18 8 7
18 12 5
18 15 17
18 10 10
18 20 19
18 2 18
18 27 20
19 25 18
19 24 4
19 11 2
19 20 12
19 16 17
19 26 5
19 3 9
19 7 12
20 23 8
20 5 14
20 6 19
20 8 12
20 15 15
20 27 1
20 12 15
20 16 14
20 24 15
20 28 2
20 4 8
21 18 11
21 11 15
21 25 16
21 27 10
21 8 7
21 23 12
21 29 1
22 4 14
22 24 3
22 27 20
22 3 14
22 8 10
22 23 15
23 10 12
24 2 13
24 9 18
24 18 18
24 10 10
26 29 5
26 2 1
27 8 4
27 9 1
27 25 6
27 24 5
29 4 2
5 30 7
9 30 13
11 30 1
13 30 1
14 30 7
15 30 9
17 30 4
18 30 9
19 30 7
20 30 8
22 30 5
23 30 13
24 30 20
27 30 8
7 31 18
31 27 18
18 32 16
32 7 16
12 33 13
33 5 13
6 34 14
34 19 14
15 35 1
35 6 1
17 36 18
36 15 18
13 37 11
37 17 11
18 38 9
38 3 9
21 39 14
39 3 14
24 40 2
40 3 2
20 41 1
41 3 1
7 42 12
42 5 12
14 43 15
43 5 15
18 44 12
44 5 12
27 45 11
45 5 11
12 46 2
46 6 2
11 47 8
47 6 8
8 48 7
48 6 7
17 49 10
49 6 10
7 50 15
50 6 15
23 51 14
51 7 14
24 52 1
52 7 1
15 53 2
53 8 2
13 54 6
54 8 6
19 55 1
55 9 1
11 56 15
56 9 15
17 57 1
57 9 1
22 58 9
58 9 9
20 59 15
59 9 15
26 60 10
60 9 10
12 61 8
61 11 8
18 62 11
62 11 11
20 63 13
63 11 13
24 64 14
64 12 14
22 65 10
65 12 10
20 66 1
66 13 1
18 67 19
67 13 19
21 68 7
68 14 7
22 69 8
69 15 8
26 70 4
70 15 4
19 71 3
71 17 3
21 72 10
72 17 10
19 73 11
73 18 11
20 74 3
74 18 3
27 75 11
75 18 11
24 76 1
76 20 1
0 115 100 99 123 106 123 104 103 105 101 123 123 60 123 94 82 123 81 113 82 123 123 91 123 123 123 72 88 134 
0 0 20 20 20 20 20 20 20 20 20 20 20 20 20 20 20 20 20 20 20 20 20 20 20 20 20 20 20 20 
0 114 0 99 131 105 156 104 103 85 101 145 140 60 121 78 82 133 81 112 82 137 139 83 130 126 131 72 88 132 
0 54 54 0 54 54 54 54 54 54 54 54 54 54 54 54 54 54 54 54 54 54 54 54 54 54 54 54 54 54 
0 102 84 99 0 102 102 102 102 85 101 102 102 60 102 78 82 102 81 102 82 102 102 83 102 102 102 72 88 109 
0 114 84 99 131 0 131 104 103 85 101 131 131 60 121 78 82 131 81 112 82 131 131 83 130 126 131 72 88 132 
0 114 84 99 131 105 0 104 103 85 101 145 140 60 121 78 82 133 81 112 82 137 139 83 130 126 131 72 88 132 
0 40 40 40 40 40 40 0 40 40 40 40 40 40 40 40 40 40 40 40 40 40 40 40 40 40 40 40 40 40 
0 114 84 99 131 105 156 104 0 85 101 145 140 60 121 78 82 133 81 112 82 137 139 83 130 126 131 72 88 132 
0 28 28 28 28 28 28 28 28 0 28 28 28 28 28 28 28 28 28 28 28 28 28 28 28 28 28 28 28 28 
0 114 84 99 131 105 156 104 103 85 0 145 140 60 121 78 82 133 81 112 82 137 139 83 130 126 131 72 88 132 
0 114 84 99 120 105 120 104 103 85 101 0 120 60 120 78 82 120 81 112 82 120 120 83 120 120 120 72 88 120 
0 114 84 99 131 105 131 104 103 85 101 131 0 60 121 78 82 131 81 112 82 131 131 83 130 126 131 72 88 132 
0 114 84 99 131 105 152 104 103 85 101 145 140 0 121 78 82 133 81 112 82 137 139 83 130 126 131 72 88 132 
0 114 84 99 131 105 156 104 103 85 101 145 140 60 0 78 82 133 81 112 82 137 139 83 130 126 131 72 88 132 
0 59 59 59 59 59 59 59 59 59 59 59 59 59 59 0 59 59 59 59 59 59 59 59 59 59 59 59 59 59 
0 114 84 99 131 105 156 104 103 85 101 145 140 60 121 78 0 133 81 112 82 137 139 83 130 126 131 72 88 132 
0 114 84 99 131 105 156 104 103 85 101 145 140 60 121 78 82 0 81 112 82 137 139 83 130 126 131 72 88 132 
0 114 84 99 114 105 114 104 103 85 101 114 114 60 114 78 82 114 0 112 82 114 114 83 114 114 114 72 88 121 
0 114 84 99 131 105 156 104 103 85 101 145 140 60 121 78 82 133 81 0 82 137 139 83 130 126 131 72 88 132 
0 114 84 99 123 105 123 104 103 85 101 123 123 60 121 78 82 123 81 112 0 123 123 83 123 123 123 72 88 123 
0 114 84 99 123 105 123 104 103 85 101 123 123 60 121 78 82 123 81 112 82 0 123 83 123 123 123 72 88 128 
0 46 46 46 46 46 46 46 46 46 46 46 46 46 46 46 46 46 46 46 46 46 0 46 46 46 46 46 46 59 
0 97 84 97 97 97 97 97 97 85 97 97 97 60 97 78 82 97 81 97 82 97 97 0 97 97 97 72 88 117 
0 20 20 20 20 20 20 20 20 20 20 20 20 20 20 20 20 20 20 20 20 20 20 20 0 20 20 20 20 20 
0 20 20 20 20 20 20 20 20 20 20 20 20 20 20 20 20 20 20 20 20 20 20 20 20 0 20 20 20 20 
0 58 58 58 58 58 58 58 58 58 58 58 58 58 58 58 58 58 58 58 58 58 58 58 58 58 0 58 58 66 
0 20 20 20 20 20 20 20 20 20 20 20 20 20 20 20 20 20 20 20 20 20 20 20 20 20 20 0 20 20 
0 22 22 22 22 22 22 22 22 22 22 22 22 22 22 22 22 22 22 22 22 22 22 22 22 22 22 22 0 22 
0 0 0 0 0 0 0 0 0 0 0 0 0 0 0 0 0 0 0 0 0 0 0 0 0 0 0 0 0 0 
0