78 348 30 0
1 26 20
26 2 20
2 4 20
4 8 20
8 19 20
19 27 20
27 9 20
9 24 20
24 17 20
17 15 20
15 6 20
6 28 20
28 20 20
20 7 20
7 12 20
12 5 20
5 25 20
25 3 20
3 16 20
16 23 20
23 11 20
11 18 20
18 22 20
22 10 20
10 29 20
29 14 20
14 13 20
13 21 20
24 30 20
1 27 5
1 3 6
1 11 4
1 18 6
1 14 17
1 16 12
1 30 15
2 15 3
2 19 13
2 6 4
2 28 20
2 7 6
2 23 15
2 5 2
2 21 6
3 27 13
3 18 5
3 28 10
3 26 14
3 19 12
3 7 8
3 8 17
3 20 8
3 10 3
3 24 17
3 15 13
3 5 4
3 11 3
4 26 20
4 9 20
4 27 13
5 17 4
5 15 13
5 10 16
5 7 8
6 11 2
6 3 5
6 7 3
6 22 12
6 18 4
6 27 18
6 9 4
6 20 18
6 23 9
6 21 12
6 4 7
7 19 2
7 27 13
7 15 11
7 24 14
7 21 6
8 29 11
8 17 4
8 16 6
9 15 2
9 28 7
9 14 15
9 26 15
9 8 3
9 11 12
9 25 16
9 18 7
9 29 9
9 17 12
9 5 6
9 22 7
9 10 9
10 14 15
10 15 20
10 20 7
10 17 6
11 22 6
11 10 18
11 27 11
11 29 10
11 16 2
11 25 11
11 15 13
11 12 12
11 20 8
11 7 1
11 4 10
11 24 19
11 26 10
12 18 4
12 29 15
12 2 3
12 8 6
13 23 6
13 18 5
13 8 8
13 9 20
13 7 8
13 10 1
13 24 14
13 6 14
13 27 14
13 17 9
13 16 1
13 3 8
13 22 1
13 20 16
13 5 8
13 29 18
13 4 14
13 11 3
14 24 2
14 7 6
14 21 8
14 20 7
14 22 1
14 11 2
14 18 14
14 16 20
14 2 7
15 22 15
15 27 14
15 4 4
15 8 8
15 19 14
15 18 17
15 16 17
15 13 5
15 12 17
15 26 8
15 29 7
15 14 5
16 20 4
16 24 6
16 29 3
16 10 18
16 6 15
16 25 19
16 18 17
16 17 12
16 19 7
16 5 16
16 7 3
16 27 13
16 21 7
17 25 10
17 20 7
17 12 17
17 27 4
17 3 10
17 4 1
17 11 7
17 21 17
17 22 7
17 26 20
17 14 11
17 28 16
17 18 17
18 4 15
18 24 1
18 20 16
18 23 3
18 2 6
18 28 13
19 25 19
19 29 19
19 12 11
19 18 15
21 10 5
21 20 11
21 19 4
21 8 12
21 28 8
21 22 4
21 25 7
21 26 2
21 5 12
21 18 16
21 23 3
21 4 13
21 29 2
22 23 4
23 12 17
23 29 3
23 28 13
23 4 17
23 24 15
23 26 4
23 19 8
23 9 19
23 25 5
24 29 6
24 8 4
24 4 14
24 5 19
25 20 11
25 10 15
25 18 7
25 27 18
25 2 1
25 15 1
25 4 3
25 28 11
25 24 15
26 7 10
26 6 9
26 10 19
26 16 3
27 2 15
27 28 13
27 5 8
27 22 14
27 21 8
27 20 14
27 12 2
27 10 3
27 29 18
27 24 7
27 23 10
27 8 17
2 30 15
3 30 7
4 30 16
6 30 13
8 30 1
10 30 18
14 30 2
19 30 7
27 31 8
31 19 8
17 32 4
32 24 4
7 33 10
33 20 10
12 34 4
34 7 4
25 35 8
35 5 8
3 36 15
36 25 15
13 37 17
37 14 17
23 38 15
38 2 15
5 39 7
39 2 7
27 40 4
40 3 4
8 41 4
41 3 4
15 42 5
42 3 5
9 43 12
43 6 12
21 44 15
44 6 15
27 45 7
45 7 7
24 46 20
46 7 20
21 47 12
47 7 12
16 48 18
48 8 18
14 49 16
49 9 16
11 50 7
50 9 7
25 51 18
51 9 18
17 52 19
52 9 19
10 53 20
53 9 20
14 54 16
54 10 16
15 55 14
55 10 14
17 56 14
56 10 14
27 57 19
57 11 19
16 58 3
58 11 3
25 59 8
59 11 8
15 60 3
60 11 3
18 61 12
61 13 12
27 62 2
62 13 2
17 63 10
63 13 10
16 64 7
64 13 7
22 65 2
65 14 2
18 66 16
66 14 16
16 67 9
67 14 9
27 68 1
68 15 1
18 69 12
69 16 12
17 70 16
70 16 16
21 71 10
71 16 10
20 72 11
72 17 11
27 73 14
73 17 14
21 74 7
74 17 7
22 75 14
75 17 14
25 76 17
76 19 17
23 77 9
77 21 9
23 78 6
78 22 6
0 70 62 70 70 70 70 70 70 70 70 70 56 70 70 70 70 70 70 70 70 70 70 70 70 70 70 70 70 85 
0 0 56 89 89 89 89 89 89 89 82 89 56 89 89 89 89 89 89 89 89 89 70 89 89 89 89 89 89 99 
0 74 0 118 103 89 116 113 162 162 82 96 56 110 97 107 113 148 105 157 93 93 70 134 122 93 151 131 141 99 
0 73 56 0 73 73 73 73 73 73 73 73 56 73 73 73 73 73 73 73 73 73 70 73 73 73 73 73 73 89 
0 68 56 68 0 68 68 68 68 68 68 68 56 68 68 68 68 68 68 68 68 68 68 68 68 68 68 68 68 68 
0 74 56 107 103 0 107 107 107 107 82 96 56 107 97 107 107 107 105 114 93 93 70 107 107 93 107 114 107 99 
0 74 56 76 76 76 0 76 76 76 76 76 56 76 76 76 76 76 76 76 76 76 70 76 76 76 76 76 76 76 
0 45 45 45 45 45 45 0 45 45 45 45 45 45 45 45 45 45 45 45 45 45 45 45 45 45 45 45 45 46 
0 74 56 118 103 89 116 113 0 152 82 96 56 110 97 107 113 148 105 152 93 93 70 134 122 93 151 131 141 99 
0 74 56 88 88 88 88 88 88 0 82 88 56 88 88 88 88 88 88 88 88 88 70 88 88 88 88 88 88 99 
0 74 56 118 103 89 116 113 158 158 0 96 56 110 97 107 113 148 105 157 93 93 70 134 122 93 151 131 141 99 
0 52 52 52 52 52 52 52 52 52 52 0 52 52 52 52 52 52 52 52 52 52 52 52 52 52 52 52 52 52 
0 74 56 118 103 89 116 113 163 171 82 96 0 110 97 107 113 148 105 157 93 93 70 134 122 93 151 131 141 99 
0 74 56 118 103 89 116 113 119 119 82 96 56 0 97 107 113 119 105 119 93 93 70 119 119 93 119 119 119 99 
0 74 56 118 103 89 116 113 163 171 82 96 56 110 0 107 113 148 105 157 93 93 70 134 122 93 151 131 141 99 
0 74 56 118 103 89 116 113 163 171 82 96 56 110 97 0 113 148 105 157 93 93 70 134 122 93 151 131 141 99 
0 74 56 118 103 89 116 113 163 171 82 96 56 110 97 107 0 148 105 157 93 93 70 134 122 93 151 131 141 99 
0 74 56 114 103 89 114 113 114 114 82 96 56 110 97 107 113 0 105 114 93 93 70 114 114 93 114 114 114 99 
0 74 56 84 84 84 84 84 84 84 82 84 56 84 84 84 84 84 0 84 84 84 70 84 84 84 84 84 84 91 
0 31 31 31 31 31 31 31 31 31 31 31 31 31 31 31 31 31 31 0 31 31 31 31 31 31 31 31 31 31 
0 74 56 118 103 89 116 113 143 143 82 96 56 110 97 107 113 143 105 143 0 93 70 134 122 93 143 131 141 99 
0 40 40 40 40 40 40 40 40 40 40 40 40 40 40 40 40 40 40 40 40 0 40 40 40 40 40 40 40 40 
0 74 56 118 103 89 116 113 151 151 82 96 56 110 97 107 113 148 105 151 93 93 0 134 122 93 151 131 141 99 
0 74 56 83 83 83 83 83 83 83 82 83 56 83 83 83 83 83 83 83 83 83 70 0 83 83 83 83 83 99 
0 74 56 118 103 89 116 113 153 153 82 96 56 110 97 107 113 148 105 153 93 93 70 134 0 93 151 131 141 99 
0 61 56 61 61 61 61 61 61 61 61 61 56 61 61 61 61 61 61 61 61 61 61 61 61 0 61 61 61 61 
0 74 56 118 103 89 116 113 163 171 82 96 56 110 97 107 113 148 105 157 93 93 70 134 122 93 0 131 141 99 
0 20 20 20 20 20 20 20 20 20 20 20 20 20 20 20 20 20 20 20 20 20 20 20 20 20 20 0 20 20 
0 20 20 20 20 20 20 20 20 20 20 20 20 20 20 20 20 20 20 20 20 20 20 20 20 20 20 20 0 20 
0 0 0 0 0 0 0 0 0 0 0 0 0 0 0 0 0 0 0 0 0 0 0 0 0 0 0 0 0 0 
0