86 356 30 0
1 18 20
18 10 20
10 19 20
19 25 20
25 14 20
14 6 20
6 23 20
23 13 20
13 27 20
27 15 20
15 26 20
26 29 20
29 24 20
24 4 20
4 7 20
7 8 20
8 5 20
5 20 20
20 3 20
3 12 20
12 11 20
11 17 20
17 22 20
22 2 20
2 16 20
16 9 20
9 21 20
21 28 20
14 30 20
1 9 10
1 8 2
1 10 5
1 4 9
1 21 14
1 11 2
1 22 16
1 25 8
1 19 17
1 12 7
1 5 6
1 16 6
1 6 11
2 15 13
2 4 18
2 5 20
2 28 2
2 20 13
2 3 18
2 25 17
2 6 12
2 24 6
3 14 18
3 15 3
4 27 5
4 26 19
4 29 15
4 12 5
4 8 8
4 5 19
5 3 9
5 29 9
5 18 5
5 22 5
5 19 2
5 24 20
5 6 18
5 26 14
5 15 18
5 11 19
5 27 3
5 14 2
5 12 14
6 8 15
6 10 15
6 24 12
6 29 14
6 3 14
6 9 17
6 27 15
6 18 12
6 22 5
6 13 18
6 26 20
7 12 3
7 26 1
7 24 19
7 9 12
7 13 13
7 3 12
7 11 13
8 3 15
8 25 17
8 11 5
8 13 18
8 18 2
8 26 11
8 27 12
8 17 7
10 12 4
10 25 7
10 26 19
10 22 16
10 5 16
10 20 14
10 4 14
10 14 9
10 8 11
10 27 12
10 15 16
10 2 1
10 9 15
11 9 2
11 27 14
11 14 17
11 13 3
11 6 14
11 24 1
11 10 10
11 19 2
11 28 5
11 4 6
11 22 2
12 6 19
12 22 7
12 28 4
12 19 4
12 26 9
12 15 17
12 8 6
13 22 5
13 14 7
13 15 9
13 2 8
13 29 6
13 24 11
13 12 1
13 4 14
13 25 14
13 9 8
14 2 4
14 9 14
14 23 19
14 4 3
14 24 2
14 18 20
14 27 14
14 26 6
14 8 20
14 28 9
15 8 19
16 20 9
16 17 11
16 3 6
16 24 5
16 13 3
16 29 15
16 15 13
17 19 12
17 15 18
17 23 18
17 10 13
17 29 18
17 28 7
17 2 5
17 7 8
17 9 18
17 12 12
17 18 14
18 12 9
18 20 3
18 19 1
18 21 20
18 4 10
18 9 7
19 6 14
19 4 8
19 26 20
19 24 3
19 16 2
19 23 2
20 9 13
20 6 19
20 26 11
20 28 15
20 17 13
20 19 20
20 23 7
21 4 15
21 16 15
21 3 12
21 26 13
21 20 14
21 17 16
22 18 9
22 27 20
23 2 20
23 29 20
23 24 8
23 25 16
23 3 7
23 28 20
23 7 14
23 11 3
23 10 19
23 12 2
23 21 8
23 16 9
23 5 5
24 9 12
24 22 3
24 27 18
24 21 17
24 10 4
24 28 13
24 26 4
24 25 8
24 12 5
26 17 19
26 11 9
26 3 12
26 27 18
26 25 20
26 13 10
27 16 11
27 7 15
28 13 15
28 26 9
28 8 8
28 25 20
28 19 17
28 3 19
28 18 5
28 6 19
28 22 20
28 10 10
28 16 14
29 21 20
29 25 9
29 15 11
29 8 19
29 10 8
29 11 20
29 27 5
6 30 10
6 31 14
31 14 14
23 32 1
32 6 1
26 33 5
33 15 5
24 34 13
34 29 13
5 35 13
35 8 13
20 36 6
36 5 6
12 37 20
37 3 20
11 38 6
38 12 6
17 39 8
39 11 8
2 40 7
40 22 7
28 41 6
41 21 6
15 42 5
42 2 5
5 43 4
43 2 4
28 44 8
44 2 8
20 45 2
45 2 2
26 46 7
46 4 7
12 47 1
47 4 1
8 48 11
48 4 11
5 49 16
49 4 16
11 50 17
50 5 17
14 51 14
51 5 14
12 52 1
52 5 1
10 53 18
53 6 18
24 54 8
54 6 8
18 55 18
55 6 18
12 56 8
56 7 8
26 57 13
57 7 13
11 58 17
58 8 17
17 59 9
59 8 9
12 60 11
60 10 11
27 61 8
61 11 8
24 62 8
62 11 8
19 63 7
63 11 7
28 64 4
64 11 4
28 65 1
65 12 1
26 66 4
66 12 4
14 67 1
67 13 1
29 68 3
68 13 3
24 69 3
69 13 3
24 70 12
70 14 12
18 71 11
71 14 11
28 72 9
72 14 9
17 73 19
73 16 19
19 74 14
74 17 14
28 75 4
75 17 4
21 76 12
76 18 12
26 77 11
77 19 11
23 78 12
78 19 12
26 79 4
79 20 4
28 80 10
80 20 10
23 81 15
81 20 15
26 82 3
82 21 3
24 83 3
83 23 3
28 84 20
84 23 20
28 85 17
85 24 17
26 86 20
86 24 20
0 77 133 133 124 133 78 133 133 115 126 93 107 119 133 96 104 99 118 102 108 106 89 133 133 133 133 95 130 30 
0 0 146 143 118 146 78 146 138 110 124 86 107 119 143 90 104 79 101 102 94 90 89 144 146 146 146 95 130 30 
0 41 0 41 41 41 41 41 41 41 41 41 41 41 41 41 41 41 41 41 41 41 41 41 41 41 41 41 41 30 
0 77 91 0 91 91 78 91 91 91 91 86 91 91 91 90 91 79 91 91 91 90 89 91 91 91 91 91 91 30 
0 77 164 143 0 180 78 165 138 110 124 86 107 119 143 90 104 79 101 102 94 90 89 144 148 176 156 95 130 30 
0 77 164 143 118 0 78 165 138 110 124 86 107 119 143 90 104 79 101 102 94 90 89 144 148 176 156 95 130 30 
0 77 93 93 93 93 0 93 93 93 93 86 93 93 93 90 93 79 93 93 93 90 89 93 93 93 93 93 93 30 
0 77 118 118 118 118 78 0 118 110 118 86 107 118 118 90 104 79 101 102 94 90 89 118 118 118 118 95 118 30 
0 20 20 20 20 20 20 20 0 20 20 20 20 20 20 20 20 20 20 20 20 20 20 20 20 20 20 20 20 20 
0 77 164 143 118 180 78 165 138 0 124 86 107 119 143 90 104 79 101 102 94 90 89 144 148 176 156 95 130 30 
0 77 136 136 118 136 78 136 136 110 0 86 107 119 136 90 104 79 101 102 94 90 89 136 136 136 136 95 130 30 
0 77 127 127 118 127 78 127 127 110 124 0 107 119 127 90 104 79 101 102 94 90 89 127 127 127 127 95 127 30 
0 77 103 103 103 103 78 103 103 103 103 86 0 103 103 90 103 79 101 102 94 90 89 103 103 103 103 95 103 30 
0 77 146 143 118 146 78 146 138 110 124 86 107 0 143 90 104 79 101 102 94 90 89 144 146 146 146 95 130 30 
0 44 44 44 44 44 44 44 44 44 44 44 44 44 0 44 44 44 44 44 44 44 44 44 44 44 44 44 44 30 
0 77 82 82 82 82 78 82 82 82 82 82 82 82 82 0 82 79 82 82 82 82 82 82 82 82 82 82 82 30 
0 77 164 143 118 180 78 165 138 110 124 86 107 119 143 90 0 79 101 102 94 90 89 144 148 176 156 95 130 30 
0 77 99 99 99 99 78 99 99 99 99 86 99 99 99 90 99 0 99 99 94 90 89 99 99 99 99 95 99 30 
0 77 90 90 90 90 78 90 90 90 90 86 90 90 90 90 90 79 0 90 90 90 89 90 90 90 90 90 90 30 
0 77 126 126 118 126 78 126 126 110 124 86 107 119 126 90 104 79 101 0 94 90 89 126 126 126 126 95 126 30 
0 77 117 117 117 117 78 117 117 110 117 86 107 117 117 90 104 79 101 102 0 90 89 117 117 117 117 95 117 30 
0 49 49 49 49 49 49 49 49 49 49 49 49 49 49 49 49 49 49 49 49 0 49 49 49 49 49 49 49 30 
0 77 164 143 118 180 78 165 138 110 124 86 107 119 143 90 104 79 101 102 94 90 0 144 148 176 156 95 130 30 
0 77 151 143 118 151 78 151 138 110 124 86 107 119 143 90 104 79 101 102 94 90 89 0 148 151 151 95 130 30 
0 20 20 20 20 20 20 20 20 20 20 20 20 20 20 20 20 20 20 20 20 20 20 20 0 20 20 20 20 20 
0 77 164 143 118 175 78 165 138 110 124 86 107 119 143 90 104 79 101 102 94 90 89 144 148 0 156 95 130 30 
0 54 54 54 54 54 54 54 54 54 54 54 54 54 54 54 54 54 54 54 54 54 54 54 54 54 0 54 54 30 
0 77 164 143 118 180 78 165 138 110 124 86 107 119 143 90 104 79 101 102 94 90 89 144 148 176 156 0 130 30 
0 77 115 115 115 115 78 115 115 110 115 86 107 115 115 90 104 79 101 102 94 90 89 115 115 115 115 95 0 30 
0 0 0 0 0 0 0 0 0 0 0 0 0 0 0 0 0 0 0 0 0 0 0 0 0 0 0 0 0 0 
0