80 350 30 0
1 17 20
17 12 20
12 2 20
2 9 20
9 28 20
28 8 20
8 22 20
22 21 20
21 16 20
16 27 20
27 19 20
19 18 20
18 3 20
3 11 20
11 14 20
14 10 20
10 5 20
5 29 20
29 20 20
20 7 20
7 24 20
24 4 20
4 23 20
23 13 20
13 6 20
6 26 20
26 25 20
25 15 20
4 30 20
1 19 20
1 22 16
1 10 13
1 27 2
1 30 17
2 4 19
2 14 18
2 24 7
2 3 13
2 18 17
2 19 5
2 27 17
2 29 4
2 25 10
2 11 9
2 15 11
2 28 9
2 20 5
2 17 13
2 8 8
2 6 7
3 16 4
3 21 2
3 24 10
3 14 20
3 29 8
3 4 20
3 6 10
3 20 4
3 26 6
3 15 13
3 13 4
4 12 10
4 7 14
4 14 12
4 28 11
4 20 12
4 6 14
6 9 18
6 29 9
6 14 3
6 18 6
6 27 16
6 25 20
6 15 6
6 5 17
7 23 1
7 8 12
7 11 11
7 25 10
7 5 2
7 21 7
7 15 18
7 22 15
8 3 20
8 13 15
8 12 6
8 10 11
8 16 14
9 24 16
9 7 5
9 27 16
9 13 9
9 8 7
9 12 3
9 11 16
9 25 8
9 22 1
9 20 10
9 4 19
9 19 19
9 3 1
9 26 7
9 21 1
9 16 14
9 10 17
9 15 13
10 7 13
10 19 3
10 23 6
10 12 11
10 2 13
10 22 7
10 20 7
10 18 4
10 29 8
10 27 20
10 24 14
10 25 4
10 17 8
10 11 10
11 12 16
11 16 1
11 23 11
11 21 4
12 15 8
12 26 6
12 23 5
12 29 9
12 27 6
12 16 10
12 19 12
13 11 8
13 19 11
13 10 2
13 18 9
13 2 19
13 28 6
13 24 5
13 17 19
13 21 11
13 7 7
14 8 4
14 17 12
14 28 18
15 16 6
15 13 14
15 10 16
15 23 15
15 8 3
15 20 16
15 4 14
15 26 1
15 17 11
16 6 7
17 11 11
17 18 2
17 24 17
18 24 12
18 20 20
18 22 6
18 14 7
18 4 20
18 7 6
18 11 15
18 21 1
18 27 1
18 26 9
18 23 3
18 29 13
18 8 11
18 16 17
18 15 15
18 25 19
18 12 1
19 14 14
19 6 16
19 16 3
19 8 17
19 5 14
19 11 2
19 20 5
20 17 5
20 13 19
20 5 13
20 22 20
20 8 17
20 24 7
20 14 16
20 26 11
20 6 4
20 23 13
21 17 12
21 5 11
21 29 11
21 27 6
21 25 2
21 26 17
22 25 10
22 24 15
22 28 8
22 29 12
22 11 20
22 14 16
22 5 12
22 16 12
22 2 4
23 27 1
23 19 9
23 6 13
23 17 11
23 2 6
23 5 7
23 16 13
24 8 2
24 15 2
24 12 15
24 16 14
24 27 5
24 19 20
24 29 15
24 28 5
24 21 14
25 11 8
25 14 15
25 20 1
25 29 7
25 24 20
25 13 17
25 28 17
25 17 20
27 4 9
27 13 10
27 29 15
27 20 19
27 17 16
27 28 14
28 10 13
28 23 13
28 5 15
28 29 8
6 30 11
7 30 14
9 30 18
11 30 16
15 30 5
16 30 18
22 30 10
24 30 7
27 30 8
28 30 4
28 31 19
31 9 19
3 32 2
32 18 2
11 33 1
33 3 1
10 34 8
34 14 8
20 35 12
35 29 12
24 36 3
36 7 3
13 37 11
37 23 11
24 38 10
38 2 10
18 39 17
39 2 17
19 40 2
40 2 2
15 41 14
41 2 14
20 42 11
42 2 11
24 43 20
43 3 20
20 44 19
44 3 19
15 45 8
45 3 8
20 46 1
46 4 1
9 47 1
47 6 1
23 48 7
48 7 7
8 49 17
49 7 17
13 50 14
50 8 14
12 51 15
51 8 15
10 52 15
52 8 15
13 53 15
53 9 15
22 54 12
54 9 12
15 55 5
55 9 5
22 56 9
56 10 9
27 57 19
57 10 19
24 58 3
58 10 3
25 59 5
59 10 5
16 60 9
60 11 9
23 61 6
61 11 6
23 62 6
62 12 6
27 63 3
63 12 3
18 64 15
64 13 15
24 65 1
65 13 1
20 66 5
66 15 5
17 67 13
67 15 13
24 68 11
68 17 11
24 69 15
69 18 15
21 70 3
70 18 3
25 71 15
71 18 15
20 72 13
72 19 13
22 73 12
73 20 12
23 74 4
74 20 4
25 75 7
75 21 7
25 76 12
76 22 12
24 77 2
77 22 2
28 78 8
78 22 8
29 79 15
79 25 15
28 80 2
80 25 2
0 71 71 71 71 71 71 71 71 71 71 71 71 71 71 71 71 71 71 71 67 71 71 71 71 71 71 71 71 88 
0 0 102 122 111 92 92 145 89 115 145 91 124 149 124 128 138 93 112 135 67 91 98 143 120 77 108 108 151 131 
0 116 0 122 111 92 92 123 89 115 123 91 123 123 123 123 123 93 112 123 67 91 98 123 120 77 108 108 123 123 
0 93 93 0 93 92 92 93 89 93 93 91 93 93 93 93 93 93 93 93 67 91 93 93 93 77 93 93 93 113 
0 20 20 20 0 20 20 20 20 20 20 20 20 20 20 20 20 20 20 20 20 20 20 20 20 20 20 20 20 20 
0 115 102 115 111 0 92 115 89 115 115 91 115 115 115 115 115 93 112 115 67 91 98 115 115 77 108 108 115 126 
0 96 96 96 96 92 0 96 89 96 96 91 96 96 96 96 96 93 96 96 67 91 96 96 96 77 96 96 96 110 
0 103 102 103 103 92 92 0 89 103 103 91 103 103 103 103 103 93 103 103 67 91 98 103 103 77 103 103 103 103 
0 116 102 122 111 92 92 145 0 115 145 91 124 149 124 128 138 93 112 135 67 91 98 143 120 77 108 108 151 131 
0 116 102 122 111 92 92 145 89 0 145 91 124 149 124 128 138 93 112 135 67 91 98 143 120 77 108 108 151 131 
0 53 53 53 53 53 53 53 53 53 0 53 53 53 53 53 53 53 53 53 53 53 53 53 53 53 53 53 53 69 
0 91 91 91 91 91 91 91 89 91 91 0 91 91 91 91 91 91 91 91 67 91 91 91 91 77 91 91 91 91 
0 116 102 122 111 92 92 145 89 115 145 91 0 149 124 128 138 93 112 135 67 91 98 143 120 77 108 108 151 131 
0 54 54 54 54 54 54 54 54 54 54 54 54 0 54 54 54 54 54 54 54 54 54 54 54 54 54 54 54 54 
0 116 102 122 111 92 92 123 89 115 123 91 123 123 0 123 123 93 112 123 67 91 98 123 120 77 108 108 123 128 
0 36 36 36 36 36 36 36 36 36 36 36 36 36 36 0 36 36 36 36 36 36 36 36 36 36 36 36 36 54 
0 63 63 63 63 63 63 63 63 63 63 63 63 63 63 63 0 63 63 63 63 63 63 63 63 63 63 63 63 63 
0 116 102 122 111 92 92 145 89 115 145 91 124 149 124 128 138 0 112 135 67 91 98 143 120 77 108 108 151 131 
0 93 93 93 93 92 92 93 89 93 93 91 93 93 93 93 93 93 0 93 67 91 93 93 93 77 93 93 93 93 
0 116 102 122 111 92 92 145 89 115 145 91 124 149 124 128 138 93 112 0 67 91 98 143 120 77 108 108 151 131 
0 82 82 82 82 82 82 82 82 82 82 82 82 82 82 82 82 82 82 82 0 82 82 82 82 77 82 82 82 82 
0 116 102 122 111 92 92 145 89 115 145 91 124 149 124 128 138 93 112 135 67 0 98 143 120 77 108 108 151 131 
0 103 102 103 103 92 92 103 89 103 103 91 103 103 103 103 103 93 103 103 67 91 0 103 103 77 103 103 103 103 
0 116 102 122 111 92 92 145 89 115 145 91 124 149 124 128 138 93 112 135 67 91 98 0 120 77 108 108 151 131 
0 116 102 122 111 92 92 145 89 115 145 91 124 149 124 128 138 93 112 135 67 91 98 143 0 77 108 108 151 131 
0 20 20 20 20 20 20 20 20 20 20 20 20 20 20 20 20 20 20 20 20 20 20 20 20 0 20 20 20 20 
0 116 102 122 111 92 92 125 89 115 125 91 124 125 124 125 125 93 112 125 67 91 98 125 120 77 0 108 125 131 
0 98 98 98 98 92 92 98 89 98 98 91 98 98 98 98 98 93 98 98 67 91 98 98 98 77 98 0 98 102 
0 35 35 35 35 35 35 35 35 35 35 35 35 35 35 35 35 35 35 35 35 35 35 35 35 35 35 35 0 35 
0 0 0 0 0 0 0 0 0 0 0 0 0 0 0 0 0 0 0 0 0 0 0 0 0 0 0 0 0 0 
0