82 352 30 0
1 19 20
19 8 20
8 5 20
5 20 20
20 7 20
7 12 20
12 17 20
17 18 20
18 13 20
13 28 20
28 11 20
11 25 20
25 29 20
29 3 20
3 27 20
27 24 20
24 22 20
22 16 20
16 26 20
26 4 20
4 23 20
23 9 20
9 10 20
10 6 20
6 21 20
21 2 20
2 14 20
14 15 20
20 30 20
1 23 16
1 5 18
1 7 16
1 21 1
1 6 20
1 28 11
1 18 16
1 20 11
1 4 3
1 9 4
1 3 3
1 29 19
1 8 17
1 14 14
1 2 5
2 24 10
2 18 1
2 19 7
2 26 6
2 5 16
2 17 9
2 23 19
2 3 20
2 29 16
2 7 20
4 2 5
4 28 17
4 21 19
4 11 11
4 9 8
4 27 20
4 10 15
4 8 3
4 5 17
4 18 10
4 24 8
5 17 8
5 13 15
5 11 17
5 29 17
5 14 2
5 27 4
6 14 4
6 15 16
6 27 15
6 12 14
6 11 20
6 19 8
6 3 7
6 23 1
6 17 10
6 28 2
7 10 16
7 21 16
7 25 10
7 9 10
7 16 15
7 24 12
7 22 14
7 6 14
8 26 1
8 13 10
9 16 12
9 26 3
9 29 10
9 17 15
9 19 11
9 2 6
9 12 8
9 18 6
9 8 11
9 6 8
9 15 14
9 20 12
9 22 16
9 5 6
9 14 2
10 20 1
10 27 7
11 16 1
11 15 4
11 19 7
11 20 5
11 22 4
11 24 8
11 12 7
12 18 1
12 19 7
12 15 12
12 26 14
12 5 1
12 25 7
12 3 7
13 14 15
13 17 7
13 19 7
13 7 5
14 7 3
14 18 4
14 11 16
14 29 15
15 4 12
15 26 17
15 24 4
15 20 16
15 2 3
15 19 10
16 10 4
16 6 15
16 12 5
16 18 6
16 17 6
16 3 10
16 25 16
16 27 9
16 20 19
16 24 1
16 13 1
17 21 8
17 29 3
17 22 1
17 7 14
17 15 19
17 20 3
17 10 9
17 26 11
17 14 19
17 3 16
17 8 20
17 25 9
18 22 2
18 7 3
18 10 4
18 19 20
18 24 10
18 6 9
18 26 19
18 27 8
19 7 17
20 6 16
20 13 11
20 12 5
20 24 15
20 26 2
20 22 2
20 14 18
20 29 6
20 8 13
20 25 17
20 2 10
21 9 14
21 19 6
21 16 10
21 29 13
21 13 9
21 18 8
21 12 13
22 29 15
22 10 20
22 14 8
22 27 18
22 26 2
22 5 11
22 25 4
23 24 2
23 20 3
23 29 16
23 10 10
23 26 5
23 12 1
23 28 19
23 5 15
24 5 2
24 13 8
24 10 18
24 21 8
24 29 2
24 8 2
24 25 12
25 14 2
25 4 4
25 21 12
25 13 20
25 19 7
25 26 8
26 29 17
26 13 20
26 5 16
26 19 4
26 14 2
26 27 4
27 13 14
27 12 20
27 28 20
27 8 17
27 21 20
27 19 13
28 7 15
28 22 2
28 5 3
28 25 13
28 18 6
28 10 11
28 24 17
28 21 3
28 9 5
28 29 16
28 26 16
28 8 9
28 14 3
28 2 12
29 11 12
29 6 17
29 7 8
29 15 3
4 30 11
5 30 8
6 30 10
7 30 3
20 31 3
31 5 3
7 32 10
32 20 10
17 33 19
33 12 19
18 34 4
34 17 4
28 35 4
35 13 4
11 36 12
36 28 12
25 37 20
37 11 20
24 38 17
38 27 17
22 39 2
39 24 2
24 40 19
40 2 19
18 41 1
41 2 1
5 42 10
42 2 10
29 43 18
43 2 18
7 44 12
44 2 12
28 45 4
45 4 4
9 46 7
46 4 7
17 47 19
47 5 19
11 48 19
48 5 19
27 49 15
49 5 15
27 50 9
50 6 9
11 51 19
51 6 19
23 52 3
52 6 3
28 53 12
53 6 12
21 54 15
54 7 15
16 55 18
55 7 18
24 56 19
56 7 19
22 57 16
57 7 16
26 58 14
58 8 14
26 59 3
59 9 3
29 60 4
60 9 4
12 61 8
61 9 8
18 62 20
62 9 20
20 63 1
63 9 1
22 64 15
64 9 15
16 65 17
65 11 17
15 66 16
66 11 16
24 67 1
67 11 1
26 68 14
68 12 14
26 69 3
69 15 3
18 70 12
70 16 12
24 71 17
71 16 17
29 72 9
72 17 9
22 73 7
73 17 7
22 74 7
74 18 7
24 75 14
75 18 14
26 76 2
76 18 2
27 77 16
77 18 16
24 78 20
78 20 20
22 79 9
79 20 9
29 80 12
80 21 12
28 81 18
81 23 18
29 82 14
82 26 14
0 121 83 50 181 162 189 126 112 127 150 126 132 109 91 87 95 117 127 129 119 61 74 109 108 138 122 101 185 52 
0 0 80 47 144 142 144 109 108 127 144 126 132 95 91 87 95 101 107 118 118 61 58 109 108 138 122 90 144 52 
0 20 0 20 20 20 20 20 20 20 20 20 20 20 20 20 20 20 20 20 20 20 20 20 20 20 20 20 20 20 
0 116 80 0 153 142 153 109 108 127 150 126 132 95 91 87 95 101 107 118 118 61 58 109 108 138 122 90 153 52 
0 93 80 47 0 93 93 93 93 93 93 93 93 93 91 87 93 93 93 93 93 61 58 93 93 93 93 90 93 52 
0 116 80 47 117 0 117 109 108 117 117 117 117 95 91 87 95 101 107 117 117 61 58 109 108 117 117 90 117 52 
0 116 80 47 149 142 0 109 108 127 149 126 132 95 91 87 95 101 107 118 118 61 58 109 108 138 122 90 149 52 
0 31 31 31 31 31 31 0 31 31 31 31 31 31 31 31 31 31 31 31 31 31 31 31 31 31 31 31 31 31 
0 116 80 47 163 142 167 109 0 127 150 126 132 95 91 87 95 101 107 118 118 61 58 109 108 138 122 90 166 52 
0 28 28 28 28 28 28 28 28 0 28 28 28 28 28 28 28 28 28 28 28 28 28 28 28 28 28 28 28 28 
0 106 80 47 106 106 106 106 106 106 0 106 106 95 91 87 95 101 106 106 106 61 58 106 106 106 106 90 106 52 
0 77 77 47 77 77 77 77 77 77 77 0 77 77 77 77 77 77 77 77 77 61 58 77 77 77 77 77 77 52 
0 54 54 47 54 54 54 54 54 54 54 54 0 54 54 54 54 54 54 54 54 54 54 54 54 54 54 54 54 52 
0 58 58 47 58 58 58 58 58 58 58 58 58 0 58 58 58 58 58 58 58 58 58 58 58 58 58 58 58 52 
0 78 78 47 78 78 78 78 78 78 78 78 78 78 0 78 78 78 78 78 78 61 58 78 78 78 78 78 78 52 
0 116 80 47 147 142 147 109 108 127 147 126 132 95 91 0 95 101 107 118 118 61 58 109 108 138 122 90 147 52 
0 116 80 47 163 142 173 109 108 127 150 126 132 95 91 87 0 101 107 118 118 61 58 109 108 138 122 90 166 52 
0 116 80 47 132 132 132 109 108 127 132 126 132 95 91 87 95 0 107 118 118 61 58 109 108 132 122 90 132 52 
0 37 37 37 37 37 37 37 37 37 37 37 37 37 37 37 37 37 0 37 37 37 37 37 37 37 37 37 37 37 
0 116 80 47 139 139 139 109 108 127 139 126 132 95 91 87 95 101 107 0 118 61 58 109 108 138 122 90 139 52 
0 108 80 47 108 108 108 108 108 108 108 108 108 95 91 87 95 101 107 108 0 61 58 108 108 108 108 90 108 52 
0 116 80 47 154 142 154 109 108 127 150 126 132 95 91 87 95 101 107 118 118 0 58 109 108 138 122 90 154 52 
0 94 80 47 94 94 94 94 94 94 94 94 94 94 91 87 94 94 94 94 94 61 0 94 94 94 94 90 94 52 
0 116 80 47 163 142 173 109 108 127 150 126 132 95 91 87 95 101 107 118 118 61 58 0 108 138 122 90 166 52 
0 93 80 47 93 93 93 93 93 93 93 93 93 93 91 87 93 93 93 93 93 61 58 93 0 93 93 90 93 52 
0 116 80 47 119 119 119 109 108 119 119 119 119 95 91 87 95 101 107 118 118 61 58 109 108 0 119 90 119 52 
0 116 80 47 163 142 164 109 108 127 150 126 132 95 91 87 95 101 107 118 118 61 58 109 108 138 0 90 164 52 
0 116 80 47 163 142 173 109 108 127 150 126 132 95 91 87 95 101 107 118 118 61 58 109 108 138 122 0 166 52 
0 116 80 47 117 117 117 109 108 117 117 117 117 95 91 87 95 101 107 117 117 61 58 109 108 117 117 90 0 52 
0 0 0 0 0 0 0 0 0 0 0 0 0 0 0 0 0 0 0 0 0 0 0 0 0 0 0 0 0 0 
0