84 354 30 0
1 23 20
23 14 20
14 20 20
20 11 20
11 28 20
28 24 20
24 22 20
22 7 20
7 9 20
9 5 20
5 17 20
17 4 20
4 15 20
15 16 20
16 6 20
6 18 20
18 8 20
8 27 20
27 26 20
26 2 20
2 25 20
25 21 20
21 12 20
12 13 20
13 29 20
29 10 20
10 19 20
19 3 20
26 30 20
1 21 17
1 27 1
1 15 7
1 2 1
1 18 8
1 10 2
1 9 17
1 4 9
1 7 7
1 16 2
1 3 4
2 23 14
2 19 9
2 6 18
2 11 17
3 13 16
3 24 8
4 24 6
4 28 3
4 29 16
4 16 8
4 5 3
4 26 10
4 9 19
4 14 16
4 20 3
4 27 7
4 11 17
4 25 5
4 8 17
4 19 20
4 21 15
5 22 3
5 29 6
5 3 17
5 21 9
5 16 12
5 24 2
5 6 11
5 12 2
5 11 3
5 27 2
5 14 20
5 15 13
5 7 10
5 10 13
5 8 10
5 19 15
7 29 16
7 11 12
7 19 4
8 14 9
8 6 16
8 11 7
8 22 16
8 9 9
8 2 13
8 20 6
8 12 10
8 15 16
10 21 5
10 4 16
10 25 12
10 28 13
10 16 1
10 24 18
10 18 12
10 11 17
10 22 17
10 12 19
10 26 12
10 3 2
10 14 17
10 8 8
10 27 19
10 23 2
11 15 12
11 27 15
11 23 3
11 13 1
11 17 19
11 18 4
11 3 1
11 14 19
11 26 11
11 19 15
12 19 7
12 16 16
12 23 4
12 22 17
12 3 10
12 9 1
12 18 19
12 29 7
12 20 4
12 14 16
12 28 16
12 17 15
12 6 14
13 2 11
13 20 1
13 17 5
13 27 16
13 26 8
13 24 20
13 7 16
13 8 4
13 16 20
13 4 19
13 19 3
13 5 16
13 28 12
14 16 18
14 21 4
14 29 14
14 15 12
14 22 9
14 18 7
14 6 9
15 24 14
15 12 18
15 6 8
15 10 6
15 26 18
15 13 1
15 2 16
15 18 2
15 19 5
15 21 9
15 9 7
15 7 2
15 27 7
15 22 19
15 17 2
15 20 10
15 23 7
16 24 17
16 23 13
16 17 4
16 11 18
16 25 11
16 8 20
16 9 12
16 28 10
16 29 13
17 3 20
17 24 10
17 25 9
17 21 6
17 6 7
17 26 20
17 9 19
17 27 4
17 23 19
17 14 4
17 22 3
18 21 17
18 20 2
18 22 12
18 4 13
18 27 1
18 29 5
18 28 9
18 23 3
18 25 6
19 18 16
19 25 19
19 26 20
19 17 14
19 22 14
20 22 14
20 3 3
20 7 9
20 24 9
20 16 18
20 10 2
20 17 18
22 21 17
22 26 5
22 23 17
22 6 7
22 25 15
22 28 16
23 8 2
23 5 6
23 27 14
23 20 13
23 26 17
23 3 11
23 24 19
23 28 13
24 26 14
24 11 6
24 25 2
24 9 14
24 19 6
24 29 11
24 18 6
24 8 20
24 21 3
25 15 11
26 5 20
26 21 16
26 18 13
26 20 15
26 7 15
26 3 10
26 28 13
26 8 1
27 14 4
2 30 10
3 30 14
4 30 9
6 30 13
10 30 8
11 30 9
12 30 12
14 31 2
31 23 2
11 32 13
32 20 13
22 33 8
33 24 8
7 34 7
34 22 7
5 35 14
35 9 14
4 36 11
36 17 11
15 37 16
37 4 16
18 38 7
38 6 7
8 39 11
39 18 11
2 40 20
40 26 20
10 41 5
41 29 5
23 42 5
42 2 5
24 43 3
43 3 3
24 44 8
44 4 8
14 45 14
45 4 14
20 46 16
46 4 16
11 47 9
47 4 9
8 48 3
48 4 3
22 49 8
49 5 8
24 50 13
50 5 13
11 51 16
51 5 16
8 52 14
52 5 14
19 53 6
53 7 6
24 54 10
54 10 10
11 55 7
55 10 7
12 56 1
56 10 1
26 57 17
57 10 17
23 58 4
58 10 4
13 59 12
59 11 12
16 60 12
60 12 12
23 61 8
61 12 8
22 62 10
62 12 10
20 63 12
63 13 12
19 64 18
64 13 18
16 65 14
65 14 14
18 66 4
66 14 4
24 67 1
67 15 1
19 68 17
68 15 17
17 69 17
69 15 17
20 70 8
70 15 8
23 71 8
71 15 8
23 72 15
72 16 15
24 73 11
73 17 11
26 74 19
74 17 19
23 75 12
75 17 12
22 76 7
76 17 7
20 77 1
77 18 1
22 78 12
78 18 12
23 79 10
79 18 10
22 80 18
80 19 18
24 81 3
81 20 3
26 82 1
82 22 1
23 83 2
83 22 2
24 84 10
84 23 10
0 66 95 95 95 95 85 95 95 82 95 95 68 95 95 95 95 95 95 90 95 95 95 95 95 95 95 95 95 95 
0 0 97 98 98 98 78 98 98 80 98 98 68 98 98 98 98 98 98 90 98 98 94 98 98 98 98 98 98 95 
0 24 0 24 24 24 24 24 24 24 24 24 24 24 24 24 24 24 24 24 24 24 24 24 24 24 24 24 24 38 
0 65 97 0 116 117 78 102 115 80 129 99 68 143 135 128 157 133 122 90 121 154 94 151 99 175 105 125 113 95 
0 65 97 134 0 117 78 102 115 80 129 99 68 143 135 128 157 133 122 90 121 154 94 151 99 168 105 125 113 95 
0 20 20 20 20 0 20 20 20 20 20 20 20 20 20 20 20 20 20 20 20 20 20 20 20 20 20 20 20 33 
0 59 59 59 59 59 0 59 59 59 59 59 59 59 59 59 59 59 59 59 59 59 59 59 59 59 59 59 59 59 
0 65 97 134 116 117 78 0 115 80 129 99 68 143 135 128 150 133 122 90 121 150 94 150 99 150 105 125 113 95 
0 20 20 20 20 20 20 20 0 20 20 20 20 20 20 20 20 20 20 20 20 20 20 20 20 20 20 20 20 20 
0 65 97 134 116 117 78 102 115 0 129 99 68 143 135 128 157 133 122 90 121 154 94 151 99 175 105 125 113 95 
0 65 97 134 116 117 78 102 115 80 0 99 68 143 135 128 157 133 122 90 121 154 94 151 99 165 105 125 113 95 
0 65 97 134 116 117 78 102 115 80 129 0 68 143 135 128 157 133 122 90 121 154 94 151 99 167 105 125 113 95 
0 65 97 134 116 117 78 102 115 80 129 99 0 143 135 128 157 133 122 90 121 154 94 151 99 175 105 125 113 95 
0 65 97 109 109 109 78 102 109 80 109 99 68 0 109 109 109 109 109 90 109 109 94 109 99 109 105 109 109 95 
0 65 97 134 116 117 78 102 115 80 129 99 68 143 0 128 157 133 122 90 121 154 94 151 99 175 105 125 113 95 
0 65 97 134 116 117 78 102 115 80 129 99 68 143 135 0 157 133 122 90 121 154 94 151 99 164 105 125 113 95 
0 65 97 134 116 117 78 102 115 80 129 99 68 143 135 128 0 133 122 90 121 154 94 151 99 158 105 125 113 95 
0 65 92 92 92 99 78 92 92 80 92 92 68 92 92 92 92 0 92 90 92 92 92 92 92 92 92 92 92 95 
0 65 97 134 116 117 78 102 115 80 129 99 68 143 135 128 144 133 0 90 121 144 94 144 99 144 105 125 113 95 
0 65 97 130 116 117 78 102 115 80 129 99 68 130 130 128 130 130 122 0 121 130 94 130 99 130 105 125 113 95 
0 20 20 20 20 20 20 20 20 20 20 20 20 20 20 20 20 20 20 20 0 20 20 20 20 20 20 20 20 20 
0 65 97 134 116 117 78 102 115 80 129 99 68 143 135 128 157 133 122 90 121 0 94 151 99 159 105 125 113 95 
0 65 97 134 116 117 78 102 115 80 129 99 68 143 135 128 157 133 122 90 121 154 0 151 99 175 105 125 113 95 
0 65 97 134 116 117 78 102 115 80 129 99 68 143 135 128 157 133 122 90 121 154 94 0 99 161 105 125 113 95 
0 31 31 31 31 31 31 31 31 31 31 31 31 31 31 31 31 31 31 31 31 31 31 31 0 31 31 31 31 31 
0 65 97 134 116 117 78 102 115 80 129 99 68 143 135 128 157 133 122 90 121 154 94 151 99 0 105 125 113 95 
0 24 24 24 24 24 24 24 24 24 24 24 24 24 24 24 24 24 24 24 24 24 24 24 24 24 0 24 24 24 
0 20 20 20 20 20 20 20 20 20 20 20 20 20 20 20 20 20 20 20 20 20 20 20 20 20 20 0 20 20 
0 20 20 20 20 20 20 20 20 20 20 20 20 20 20 20 20 20 20 20 20 20 20 20 20 20 20 20 0 20 
0 0 0 0 0 0 0 0 0 0 0 0 0 0 0 0 0 0 0 0 0 0 0 0 0 0 0 0 0 0 
0