88 358 30 0
1 7 20
7 8 20
8 28 20
28 4 20
4 11 20
11 13 20
13 14 20
14 16 20
16 23 20
23 22 20
22 15 20
15 25 20
25 27 20
27 2 20
2 3 20
3 10 20
10 12 20
12 18 20
18 29 20
29 21 20
21 26 20
26 24 20
24 5 20
5 9 20
9 6 20
6 17 20
17 19 20
19 20 20
25 30 20
1 23 12
1 28 8
1 11 18
1 6 2
1 2 3
1 13 12
1 30 15
2 9 13
2 10 15
2 25 20
2 17 15
2 18 12
2 14 19
2 22 17
2 6 14
2 15 6
2 28 11
3 8 12
3 4 5
3 23 9
3 29 14
3 16 8
3 21 8
3 27 11
3 6 17
3 9 1
3 20 19
3 15 15
3 18 11
3 14 11
3 7 6
3 19 4
4 26 9
4 5 11
4 25 18
4 29 13
4 19 19
6 18 10
6 8 9
6 5 12
6 19 19
6 25 6
6 26 6
6 16 12
7 17 3
7 18 10
7 2 2
8 24 4
8 18 12
8 27 20
8 12 2
8 14 14
8 22 9
8 4 8
8 15 19
8 16 14
8 11 20
8 2 2
8 13 11
9 8 5
9 19 12
9 25 6
9 23 17
9 10 5
9 15 11
9 24 7
9 29 4
9 20 3
10 17 5
10 26 6
10 19 16
10 20 14
11 14 2
11 29 16
11 25 9
11 5 17
11 26 12
11 19 14
11 28 14
11 7 3
11 18 4
12 29 13
12 11 11
12 4 14
12 9 10
12 27 8
13 10 2
13 6 8
13 28 5
14 7 3
14 9 8
14 19 1
14 24 20
14 23 9
14 17 10
14 29 17
14 12 20
14 6 18
14 15 4
14 10 2
14 4 12
14 27 18
14 28 2
14 25 8
14 20 3
15 26 6
15 19 12
16 5 19
16 21 4
16 15 10
16 24 5
16 9 14
16 10 3
16 2 20
16 13 13
16 7 7
16 11 18
16 18 2
16 4 20
17 29 14
17 13 1
17 22 4
17 8 12
18 13 11
18 15 4
18 9 11
18 23 18
18 28 12
18 26 2
18 27 17
18 19 3
18 20 12
18 4 12
18 17 10
19 26 19
19 27 10
19 21 12
20 11 12
20 8 3
20 27 11
20 2 1
20 13 8
20 16 20
20 17 2
20 6 10
20 25 14
20 22 18
20 26 20
21 6 8
21 23 8
21 22 20
21 7 6
21 28 14
21 10 1
21 15 18
22 13 4
22 25 10
22 29 13
22 9 16
22 18 12
22 16 11
22 6 2
22 28 4
23 19 13
23 28 8
24 6 11
24 4 2
24 15 10
24 13 4
24 22 4
24 12 15
25 21 8
25 7 1
25 8 6
25 23 8
25 12 1
25 3 14
25 24 9
26 14 18
26 13 20
26 29 2
27 9 1
27 23 1
27 7 3
27 16 12
28 16 10
28 6 1
28 26 19
28 17 5
28 25 8
28 29 11
28 10 14
28 5 1
28 3 20
29 25 8
29 10 1
29 15 11
29 8 14
29 2 15
29 20 6
29 19 12
29 7 17
3 30 18
4 30 2
5 30 14
6 30 9
8 30 5
13 30 18
17 30 4
18 30 8
20 30 20
23 30 3
29 30 13
28 31 16
31 8 16
4 32 5
32 28 5
13 33 12
33 11 12
23 34 8
34 16 8
27 35 14
35 25 14
2 36 16
36 27 16
3 37 19
37 2 19
12 38 10
38 10 10
18 39 12
39 12 12
29 40 13
40 18 13
26 41 7
41 21 7
25 42 13
42 2 13
6 43 5
43 2 5
28 44 10
44 2 10
8 45 16
45 3 16
4 46 2
46 3 2
29 47 1
47 3 1
6 48 9
48 3 9
9 49 12
49 3 12
20 50 19
50 3 19
18 51 20
51 3 20
25 52 17
52 4 17
29 53 14
53 4 14
19 54 14
54 4 14
8 55 1
55 6 1
19 56 20
56 6 20
25 57 8
57 6 8
27 58 13
58 8 13
12 59 13
59 8 13
16 60 7
60 8 7
25 61 12
61 9 12
10 62 19
62 9 19
20 63 1
63 9 1
29 64 1
64 11 1
25 65 11
65 11 11
26 66 19
66 11 19
28 67 6
67 11 6
18 68 11
68 11 11
17 69 17
69 14 17
28 70 14
70 14 14
25 71 15
71 14 15
20 72 20
72 14 20
19 73 15
73 15 15
21 74 5
74 16 5
18 75 20
75 16 20
29 76 12
76 17 12
28 77 9
77 18 9
27 78 8
78 18 8
19 79 14
79 18 14
26 80 18
80 19 18
27 81 2
81 20 2
28 82 7
82 21 7
25 83 6
83 22 6
29 84 18
84 22 18
28 85 7
85 22 7
28 86 5
86 23 5
29 87 13
87 26 13
29 88 13
88 28 13
0 75 75 75 75 75 66 75 75 73 75 70 75 75 75 75 75 75 75 75 66 75 75 65 75 75 75 75 75 90 
0 0 133 138 80 138 46 130 126 73 141 70 92 150 143 140 82 137 163 79 66 123 95 65 141 132 131 108 137 134 
0 107 0 138 80 138 46 130 126 73 141 70 92 150 143 140 82 137 163 79 66 123 95 65 141 132 131 108 137 134 
0 97 97 0 80 97 46 97 97 73 97 70 92 97 97 97 82 97 97 79 66 97 95 65 97 97 97 97 97 99 
0 20 20 20 0 20 20 20 20 20 20 20 20 20 20 20 20 20 20 20 20 20 20 20 20 20 20 20 20 34 
0 107 108 108 80 0 46 108 108 73 108 70 92 108 108 108 82 108 108 79 66 108 95 65 108 108 108 108 108 117 
0 35 35 35 35 35 0 35 35 35 35 35 35 35 35 35 35 35 35 35 35 35 35 35 35 35 35 35 35 35 
0 107 133 138 80 138 46 0 126 73 141 70 92 150 143 140 82 137 163 79 66 123 95 65 141 132 131 108 137 134 
0 102 102 102 80 102 46 102 0 73 102 70 92 102 102 102 82 102 102 79 66 102 95 65 102 102 102 102 102 102 
0 80 80 80 80 80 46 80 80 0 80 70 80 80 80 80 80 80 80 79 66 80 80 65 80 80 80 80 80 80 
0 107 111 111 80 111 46 111 111 73 0 70 92 111 111 111 82 111 111 79 66 111 95 65 111 111 111 108 111 111 
0 99 99 99 80 99 46 99 99 73 99 0 92 99 99 99 82 99 99 79 66 99 95 65 99 99 99 99 99 99 
0 47 47 47 47 47 46 47 47 47 47 47 0 47 47 47 47 47 47 47 47 47 47 47 47 47 47 47 47 65 
0 107 133 138 80 138 46 130 126 73 141 70 92 0 143 140 82 137 163 79 66 123 95 65 141 132 131 108 137 134 
0 38 38 38 38 38 38 38 38 38 38 38 38 38 0 38 38 38 38 38 38 38 38 38 38 38 38 38 38 38 
0 107 133 138 80 138 46 130 126 73 141 70 92 150 143 0 82 137 162 79 66 123 95 65 141 132 131 108 137 134 
0 68 68 68 68 68 46 68 68 68 68 68 68 68 68 68 0 68 68 68 66 68 68 65 68 68 68 68 68 72 
0 107 133 138 80 138 46 130 126 73 141 70 92 150 143 140 82 0 163 79 66 123 95 65 141 132 131 108 137 134 
0 107 124 124 80 124 46 124 124 73 124 70 92 124 124 124 82 124 0 79 66 123 95 65 124 124 124 108 124 124 
0 107 133 138 80 138 46 130 126 73 141 70 92 150 143 140 82 137 159 0 66 123 95 65 141 132 131 108 137 134 
0 100 100 100 80 100 46 100 100 73 100 70 92 100 100 100 82 100 100 79 0 100 95 65 100 100 100 100 100 100 
0 92 92 92 80 92 46 92 92 73 92 70 92 92 92 92 82 92 92 79 66 0 92 65 92 92 92 92 92 92 
0 49 49 49 49 49 46 49 49 49 49 49 49 49 49 49 49 49 49 49 49 49 0 49 49 49 49 49 49 52 
0 66 66 66 66 66 46 66 66 66 66 66 66 66 66 66 66 66 66 66 66 66 66 0 66 66 66 66 66 66 
0 107 133 138 80 138 46 130 126 73 141 70 92 149 143 140 82 137 149 79 66 123 95 65 0 132 131 108 137 134 
0 104 104 104 80 104 46 104 104 73 104 70 92 104 104 104 82 104 104 79 66 104 95 65 104 0 104 104 104 104 
0 74 74 74 74 74 46 74 74 73 74 70 74 74 74 74 74 74 74 74 66 74 74 65 74 74 0 74 74 74 
0 107 133 138 80 138 46 130 126 73 141 70 92 150 143 140 82 137 163 79 66 123 95 65 141 132 131 0 137 134 
0 107 133 138 80 138 46 130 126 73 141 70 92 150 143 140 82 137 163 79 66 123 95 65 141 132 131 108 0 134 
0 0 0 0 0 0 0 0 0 0 0 0 0 0 0 0 0 0 0 0 0 0 0 0 0 0 0 0 0 0 
0