82 352 30 0
1 28 20
28 29 20
29 17 20
17 10 20
10 24 20
24 8 20
8 25 20
25 22 20
22 13 20
13 15 20
15 27 20
27 11 20
11 2 20
2 4 20
4 19 20
19 21 20
21 12 20
12 16 20
16 23 20
23 9 20
9 5 20
5 18 20
18 3 20
3 6 20
6 7 20
7 14 20
14 26 20
26 20 20
16 30 20
1 21 20
1 19 6
1 9 16
1 22 18
1 20 1
1 8 2
1 30 9
2 6 4
2 10 6
2 9 11
2 20 9
2 8 7
2 17 18
2 27 11
2 29 13
2 7 17
2 28 10
2 24 17
3 27 2
3 26 16
3 14 5
3 13 15
3 24 15
3 22 4
3 17 14
3 2 5
3 25 17
3 15 18
3 20 11
3 12 16
3 19 3
3 7 14
3 8 10
4 27 7
4 24 18
4 25 3
4 26 8
4 5 18
4 16 16
4 20 7
4 11 17
4 23 13
4 17 2
4 13 13
4 21 11
4 18 9
4 12 4
4 3 7
4 28 11
4 8 8
4 14 4
5 26 14
6 19 3
6 23 6
6 12 6
6 5 5
6 9 5
6 28 12
6 8 14
6 10 4
6 22 19
6 26 9
6 25 3
7 4 19
7 26 11
7 13 3
7 8 14
7 9 4
7 16 20
7 12 6
7 19 12
7 29 14
7 20 8
7 10 16
7 28 18
7 27 17
7 23 7
7 25 7
8 23 20
8 20 3
8 29 18
8 17 13
8 19 12
8 11 7
8 27 7
8 21 19
8 14 2
8 16 4
8 5 12
8 12 9
8 9 13
9 17 3
9 20 17
9 13 18
10 3 7
10 28 9
10 18 14
10 26 2
10 25 5
10 8 10
10 5 2
11 5 16
11 15 15
11 16 19
11 26 20
11 10 19
11 3 1
12 19 10
12 13 15
12 27 15
12 29 4
12 10 1
12 2 14
12 20 15
12 26 14
12 15 4
12 25 16
12 24 6
14 16 16
14 11 19
15 7 1
15 28 7
15 19 3
15 25 9
15 8 12
15 16 12
15 4 5
15 5 18
15 23 16
15 21 12
15 22 10
15 6 20
16 18 18
16 2 3
16 19 19
16 29 8
16 5 3
16 9 18
16 20 5
16 27 19
16 6 16
16 25 2
16 13 3
16 28 19
17 16 13
17 7 19
17 24 17
17 22 3
18 15 14
18 28 19
18 8 11
18 6 17
18 29 18
18 17 5
18 19 8
19 25 11
19 24 11
20 15 9
20 19 16
20 10 11
20 11 18
20 27 4
20 23 17
20 18 6
21 28 18
21 14 2
21 27 18
21 20 10
21 7 5
21 6 3
21 9 18
21 25 14
21 24 12
21 29 2
21 22 9
21 2 7
21 11 8
21 23 12
21 13 14
21 16 1
22 12 12
22 5 13
22 14 19
22 27 17
22 20 8
22 19 6
22 7 13
22 18 19
22 28 3
22 9 9
22 11 14
22 8 10
22 10 16
22 2 7
23 3 8
23 10 20
24 25 17
24 5 1
24 20 2
24 28 13
24 11 1
24 22 5
25 5 1
26 24 3
26 21 10
26 2 12
26 19 16
26 13 11
26 29 6
27 24 13
27 10 6
27 13 9
28 26 20
28 5 10
28 19 2
28 9 17
29 19 18
29 3 11
2 30 3
2 31 6
31 11 6
21 32 17
32 19 17
16 33 9
33 12 9
3 34 5
34 18 5
6 35 10
35 3 10
7 36 19
36 6 19
26 37 1
37 14 1
6 38 13
38 2 13
7 39 2
39 2 2
27 40 3
40 3 3
26 41 9
41 3 9
15 42 7
42 3 7
20 43 1
43 3 1
12 44 19
44 3 19
8 45 14
45 3 14
24 46 1
46 4 1
16 47 9
47 4 9
23 48 19
48 4 19
17 49 18
49 4 18
21 50 5
50 4 5
12 51 13
51 4 13
8 52 19
52 4 19
26 53 16
53 5 16
12 54 7
54 6 7
8 55 18
55 6 18
22 56 10
56 6 10
26 57 5
57 6 5
8 58 13
58 7 13
16 59 15
59 7 15
12 60 16
60 7 16
20 61 14
61 7 14
28 62 17
62 7 17
27 63 20
63 7 20
16 64 12
64 8 12
12 65 14
65 8 14
18 66 3
66 10 3
25 67 17
67 10 17
16 68 20
68 11 20
26 69 14
69 12 14
15 70 12
70 12 12
16 71 11
71 14 11
16 72 11
72 15 11
21 73 15
73 15 15
22 74 2
74 15 2
25 75 5
75 16 5
24 76 12
76 17 12
24 77 19
77 19 19
24 78 7
78 21 7
23 79 9
79 21 9
28 80 19
80 22 19
28 81 6
81 24 6
29 82 13
82 26 13
0 83 83 83 83 83 83 83 83 83 83 83 83 64 83 83 83 83 83 83 83 83 83 83 83 83 83 83 83 32 
0 0 117 128 135 139 149 142 115 139 130 108 121 64 108 126 87 91 149 115 88 89 111 138 124 147 137 139 103 23 
0 83 0 128 135 139 184 142 115 139 130 108 121 64 108 126 87 91 184 115 88 89 111 138 124 147 137 139 103 23 
0 83 117 0 135 139 184 142 115 139 130 108 121 64 108 126 87 91 184 115 88 89 111 138 124 147 137 139 103 23 
0 34 34 34 0 34 34 34 34 34 34 34 34 34 34 34 34 34 34 34 34 34 34 34 34 34 34 34 34 23 
0 83 117 128 129 0 129 129 115 129 129 108 121 64 108 126 87 91 129 115 88 89 111 129 124 129 129 129 103 23 
0 83 117 128 135 139 0 142 115 139 130 108 121 64 108 126 87 91 184 115 88 89 111 138 124 147 137 139 103 23 
0 83 117 128 135 139 184 0 115 139 130 108 121 64 108 126 87 91 184 115 88 89 111 138 124 147 137 139 103 23 
0 58 58 58 58 58 58 58 0 58 58 58 58 58 58 58 58 58 58 58 58 58 58 58 58 58 58 58 58 23 
0 69 69 69 69 69 69 69 69 0 69 69 69 64 69 69 69 69 69 69 69 69 69 69 69 69 69 69 69 23 
0 83 110 110 110 110 110 110 110 110 0 108 110 64 108 110 87 91 110 110 88 89 110 110 110 110 110 110 103 23 
0 83 117 128 135 139 184 142 115 139 130 0 121 64 108 126 87 91 184 115 88 89 111 138 124 147 137 139 103 23 
0 20 20 20 20 20 20 20 20 20 20 20 0 20 20 20 20 20 20 20 20 20 20 20 20 20 20 20 20 20 
0 55 55 55 55 55 55 55 55 55 55 55 55 0 55 55 55 55 55 55 55 55 55 55 55 55 55 55 55 23 
0 83 117 128 135 139 164 142 115 139 130 108 121 64 0 126 87 91 164 115 88 89 111 138 124 147 137 139 103 23 
0 83 117 128 135 139 184 142 115 139 130 108 121 64 108 0 87 91 184 115 88 89 111 138 124 147 137 139 103 23 
0 83 90 90 90 90 90 90 90 90 90 90 90 64 90 90 0 90 90 90 88 89 90 90 90 90 90 90 90 23 
0 83 115 115 115 115 115 115 115 115 115 108 115 64 108 115 87 0 115 115 88 89 111 115 115 115 115 115 103 23 
0 42 42 42 42 42 42 42 42 42 42 42 42 42 42 42 42 42 0 42 42 42 42 42 42 42 42 42 42 23 
0 83 96 96 96 96 96 96 96 96 96 96 96 64 96 96 87 91 96 0 88 89 96 96 96 96 96 96 96 23 
0 83 117 128 135 139 184 142 115 139 130 108 121 64 108 126 87 91 184 115 0 89 111 138 124 147 137 139 103 23 
0 83 117 128 135 139 184 142 115 139 130 108 121 64 108 126 87 91 184 115 88 0 111 138 124 147 137 139 103 23 
0 76 76 76 76 76 76 76 76 76 76 76 76 64 76 76 76 76 76 76 76 76 0 76 76 76 76 76 76 23 
0 83 98 98 98 98 98 98 98 98 98 98 98 64 98 98 87 91 98 98 88 89 98 0 98 98 98 98 98 23 
0 43 43 43 43 43 43 43 43 43 43 43 43 43 43 43 43 43 43 43 43 43 43 43 0 43 43 43 43 23 
0 83 117 123 123 123 123 123 115 123 123 108 121 64 108 123 87 91 123 115 88 89 111 123 123 0 123 123 103 23 
0 71 71 71 71 71 71 71 71 71 71 71 71 64 71 71 71 71 71 71 71 71 71 71 71 71 0 71 71 23 
0 83 111 111 111 111 111 111 111 111 111 108 111 64 108 111 87 91 111 111 88 89 111 111 111 111 111 0 103 23 
0 62 62 62 62 62 62 62 62 62 62 62 62 62 62 62 62 62 62 62 62 62 62 62 62 62 62 62 0 23 
0 0 0 0 0 0 0 0 0 0 0 0 0 0 0 0 0 0 0 0 0 0 0 0 0 0 0 0 0 0 
0