85 355 30 0
1 25 20
25 9 20
9 27 20
27 6 20
6 13 20
13 23 20
23 12 20
12 8 20
8 2 20
2 28 20
28 4 20
4 10 20
10 11 20
11 21 20
21 5 20
5 18 20
18 7 20
7 26 20
26 3 20
3 24 20
24 15 20
15 29 20
29 19 20
19 17 20
17 22 20
22 16 20
16 14 20
14 20 20
10 30 20
1 8 6
1 17 16
1 16 17
1 3 20
1 7 9
1 9 3
1 4 19
1 12 15
1 24 11
1 5 13
1 21 20
2 21 11
3 15 3
3 18 20
3 13 11
3 10 1
3 14 4
3 21 6
3 19 8
3 7 6
3 27 8
4 11 5
4 3 20
4 8 16
4 16 5
4 7 14
4 15 3
4 24 3
4 17 9
4 19 14
4 27 2
4 23 13
4 14 4
4 13 12
4 20 13
4 22 1
5 20 11
5 7 18
5 11 13
6 11 13
6 22 19
6 4 12
6 20 16
6 25 19
6 23 14
6 19 9
6 2 3
6 14 16
6 9 1
6 28 16
6 29 3
6 10 15
7 27 18
8 11 18
8 20 8
8 17 1
8 24 1
8 9 3
8 3 2
9 21 5
10 19 20
10 7 4
10 25 20
10 14 20
10 27 20
10 26 4
10 29 1
10 24 8
10 8 12
10 15 13
11 22 7
11 12 1
11 7 18
11 16 12
11 14 15
11 29 2
11 24 15
12 14 20
12 9 10
12 7 10
12 6 14
12 16 3
13 12 5
13 18 11
13 8 1
13 17 5
13 22 15
13 19 6
13 16 10
13 7 20
14 18 1
14 28 18
16 19 16
16 28 9
16 20 14
16 17 16
16 23 7
16 15 10
16 5 17
16 2 10
16 7 8
16 21 6
16 18 2
16 29 10
16 24 2
16 10 19
16 8 15
17 18 18
17 28 14
17 21 19
17 12 2
17 24 2
17 29 11
17 2 15
17 9 2
17 25 17
17 11 14
17 5 10
17 15 8
18 24 9
18 27 1
18 20 20
18 15 18
18 21 7
18 26 10
19 27 2
19 23 4
19 11 2
19 15 6
19 22 7
19 25 6
19 14 15
19 8 18
20 29 12
20 7 10
20 2 6
20 13 15
20 23 10
20 10 10
20 11 16
20 3 19
20 26 16
20 17 10
20 9 5
20 19 5
20 12 12
20 27 16
21 14 15
21 20 12
21 19 17
21 4 9
21 27 17
21 28 7
21 29 11
21 10 5
21 8 8
21 13 7
21 6 13
21 26 12
22 15 5
22 25 10
22 14 1
22 27 12
22 20 7
22 12 4
22 26 16
22 29 6
22 7 10
23 9 13
23 15 13
24 19 10
24 5 12
24 9 20
24 6 11
24 20 19
24 14 11
24 12 6
24 27 1
24 29 6
24 23 14
25 12 11
25 4 12
25 23 6
25 28 19
25 3 9
25 29 13
25 11 20
26 29 5
26 2 19
26 6 8
26 13 9
26 12 7
26 11 8
26 25 16
26 27 16
26 15 3
27 11 3
27 16 10
28 23 14
28 22 18
28 11 1
28 12 12
28 20 2
28 10 5
28 19 10
29 13 3
29 14 20
29 2 4
29 5 7
29 27 12
5 30 4
6 30 5
8 30 5
9 30 17
14 30 18
17 30 9
27 31 5
31 9 5
6 32 5
32 27 5
13 33 6
33 6 6
23 34 12
34 13 12
12 35 16
35 23 16
28 36 15
36 2 15
4 37 18
37 28 18
21 38 5
38 11 5
24 39 17
39 3 17
29 40 15
40 15 15
19 41 9
41 29 9
17 42 19
42 19 19
22 43 17
43 17 17
18 44 14
44 3 14
13 45 20
45 3 20
21 46 1
46 3 1
27 47 15
47 3 15
11 48 20
48 4 20
24 49 11
49 4 11
27 50 6
50 4 6
13 51 3
51 4 3
11 52 9
52 5 9
22 53 6
53 6 6
28 54 5
54 6 5
29 55 15
55 6 15
27 56 10
56 7 10
17 57 15
57 8 15
24 58 10
58 8 10
21 59 19
59 9 19
19 60 17
60 10 17
25 61 7
61 10 7
24 62 3
62 10 3
15 63 6
63 10 6
22 64 13
64 11 13
12 65 9
65 11 9
29 66 2
66 11 2
16 67 17
67 12 17
17 68 3
68 13 3
22 69 17
69 13 17
17 70 10
70 16 10
29 71 9
71 16 9
28 72 15
72 17 15
21 73 14
73 17 14
24 74 13
74 17 13
29 75 3
75 17 3
24 76 12
76 18 12
21 77 20
77 18 20
26 78 11
78 18 11
29 79 2
79 21 2
25 80 8
80 22 8
26 81 3
81 22 3
29 82 17
82 22 17
29 83 6
83 24 6
28 84 11
84 25 11
27 85 8
85 26 8
0 92 157 112 88 98 157 121 101 108 162 112 109 161 117 96 139 115 154 142 96 115 118 77 119 86 150 121 109 78 
0 0 31 31 31 31 31 31 31 31 31 31 31 31 31 31 31 31 31 31 31 31 31 31 31 31 31 31 31 31 
0 87 0 87 75 87 87 87 87 87 87 87 87 87 87 79 87 87 87 87 76 87 87 66 87 86 87 87 87 78 
0 92 137 0 75 98 148 115 98 108 162 97 109 161 117 79 123 115 154 142 76 115 118 66 99 86 150 121 109 78 
0 62 62 62 0 62 62 62 62 62 62 62 62 62 62 62 62 62 62 62 62 62 62 62 62 62 62 62 62 66 
0 92 137 93 75 0 148 115 98 108 162 97 109 161 117 79 123 115 154 142 76 115 118 66 99 86 150 121 109 78 
0 38 38 38 38 38 0 38 38 38 38 38 38 38 38 38 38 38 38 38 38 38 38 38 38 38 38 38 38 38 
0 53 53 53 53 53 53 0 53 53 53 53 53 53 53 53 53 53 53 53 53 53 53 53 53 53 53 53 53 58 
0 25 25 25 25 25 25 25 0 25 25 25 25 25 25 25 25 25 25 25 25 25 25 25 25 25 25 25 25 42 
0 92 137 93 75 98 142 115 98 0 142 97 109 142 117 79 123 115 142 142 76 115 118 66 99 86 142 121 109 78 
0 92 119 93 75 98 119 115 98 108 0 97 109 119 117 79 119 115 119 119 76 115 118 66 99 86 119 119 109 78 
0 92 102 93 75 98 102 102 98 102 102 0 102 102 102 79 102 102 102 102 76 102 102 66 99 86 102 102 102 78 
0 92 122 93 75 98 122 115 98 108 122 97 0 122 117 79 122 115 122 122 76 115 118 66 99 86 122 121 109 78 
0 39 39 39 39 39 39 39 39 39 39 39 39 0 39 39 39 39 39 39 39 39 39 39 39 39 39 39 39 57 
0 26 26 26 26 26 26 26 26 26 26 26 26 26 0 26 26 26 26 26 26 26 26 26 26 26 26 26 26 26 
0 92 137 93 75 98 148 115 98 108 162 97 109 161 117 0 123 115 154 142 76 115 118 66 99 86 150 121 109 78 
0 92 137 93 75 98 148 115 98 108 162 97 109 161 117 79 0 115 154 142 76 115 118 66 99 86 150 121 109 78 
0 92 99 93 75 98 99 99 98 99 99 97 99 99 99 79 99 0 99 99 76 99 99 66 99 86 99 99 99 78 
0 92 106 93 75 98 106 106 98 106 106 97 106 106 106 79 106 106 0 106 76 106 106 66 99 86 106 106 106 78 
0 92 137 93 75 98 148 115 98 108 162 97 109 161 117 79 123 115 154 0 76 115 118 66 99 86 150 121 109 78 
0 92 137 93 75 98 148 115 98 108 162 97 109 161 117 79 123 115 154 142 0 115 118 66 99 86 150 121 109 78 
0 92 137 93 75 98 144 115 98 108 144 97 109 144 117 79 123 115 144 142 76 0 118 66 99 86 144 121 109 78 
0 58 58 58 58 58 58 58 58 58 58 58 58 58 58 58 58 58 58 58 58 58 0 58 58 58 58 58 58 58 
0 92 137 93 75 98 148 115 98 108 162 97 109 161 117 79 123 115 154 142 76 115 118 0 99 86 150 121 109 78 
0 92 125 93 75 98 125 115 98 108 125 97 109 125 117 79 123 115 125 125 76 115 118 66 0 86 125 121 109 78 
0 92 125 93 75 98 125 115 98 108 125 97 109 125 117 79 123 115 125 125 76 115 118 66 99 0 125 121 109 78 
0 77 77 77 75 77 77 77 77 77 77 77 77 77 77 77 77 77 77 77 76 77 77 66 77 77 0 77 77 77 
0 92 124 93 75 98 124 115 98 108 124 97 109 124 117 79 123 115 124 124 76 115 118 66 99 86 124 0 109 78 
0 92 126 93 75 98 126 115 98 108 126 97 109 126 117 79 123 115 126 126 76 115 118 66 99 86 126 121 0 78 
0 0 0 0 0 0 0 0 0 0 0 0 0 0 0 0 0 0 0 0 0 0 0 0 0 0 0 0 0 0 
0