80 350 30 0
1 4 20
4 19 20
19 18 20
18 11 20
11 8 20
8 22 20
22 21 20
21 17 20
17 26 20
26 24 20
24 23 20
23 9 20
9 28 20
28 3 20
3 7 20
7 2 20
2 12 20
12 6 20
6 27 20
27 25 20
25 10 20
10 16 20
16 15 20
15 5 20
5 14 20
14 29 20
29 13 20
13 20 20
5 30 20
2 24 18
2 21 3
2 20 14
2 27 1
2 15 15
2 10 9
2 22 13
2 29 2
2 14 5
2 13 17
2 5 9
2 16 4
2 25 20
2 18 13
4 14 6
4 23 15
4 3 7
4 9 10
4 15 15
4 16 8
4 8 18
4 26 6
4 24 5
4 12 18
4 17 20
4 25 6
4 6 19
4 29 9
5 24 11
5 23 2
5 26 4
5 9 17
5 19 20
5 27 2
5 20 16
5 8 18
5 21 10
5 7 1
5 16 15
5 29 14
5 12 19
5 6 13
5 25 16
5 17 1
6 3 18
6 23 3
6 18 5
6 14 16
7 10 12
7 23 14
7 19 14
7 18 5
7 4 18
8 14 9
8 6 3
8 19 1
8 13 14
8 16 4
8 25 6
8 26 11
8 12 3
8 23 17
8 9 19
8 21 13
8 27 18
8 18 1
8 3 14
8 24 19
8 29 11
9 21 2
9 14 2
9 17 8
9 11 16
9 24 3
9 12 4
9 20 2
9 29 12
9 16 8
9 22 17
9 3 20
9 6 18
9 7 2
10 20 8
10 4 3
11 4 10
11 21 3
11 7 6
11 6 12
11 14 12
12 18 15
12 15 9
12 7 9
12 23 9
12 14 1
12 26 19
13 19 2
13 3 18
13 27 19
13 15 11
13 7 5
13 5 3
13 14 19
13 17 8
13 12 17
14 25 17
14 20 18
14 3 8
15 6 13
15 25 18
15 7 10
15 20 20
15 29 12
15 10 8
15 28 9
15 27 4
15 8 9
15 26 13
15 18 11
15 21 12
15 19 1
15 17 4
16 24 13
16 28 19
16 26 17
16 6 10
16 14 1
16 29 15
16 21 19
16 3 17
16 22 7
16 18 16
16 12 10
16 13 10
16 7 18
16 17 16
17 6 9
17 14 2
17 3 14
17 19 8
17 18 11
17 23 13
18 20 16
18 10 3
18 26 2
18 3 6
18 5 20
18 24 12
18 22 2
18 25 6
18 23 12
18 13 5
18 4 9
18 28 7
18 21 10
18 27 3
20 28 13
20 12 18
20 19 4
20 17 10
20 21 15
20 23 10
20 7 1
21 23 18
21 12 7
21 3 7
21 7 4
21 27 10
21 26 18
21 13 20
21 6 14
21 10 7
21 28 10
21 19 9
21 14 1
22 4 5
24 13 8
24 27 16
24 20 19
24 6 10
24 19 8
24 10 16
24 28 18
24 3 12
24 15 19
24 22 9
24 17 14
25 6 13
25 16 16
25 26 12
25 12 2
25 13 14
26 10 2
26 29 2
26 11 12
26 20 2
27 12 13
27 28 9
27 20 13
27 26 12
27 7 17
27 16 18
27 3 1
27 23 4
27 14 17
28 10 20
29 3 11
29 23 4
29 28 14
2 30 2
7 30 7
8 30 9
9 30 6
10 30 1
13 30 13
14 30 7
15 30 3
17 30 3
21 30 14
22 30 1
24 30 19
25 30 19
18 31 18
31 19 18
26 32 3
32 17 3
28 33 19
33 9 19
2 34 2
34 7 2
16 35 5
35 10 5
13 36 6
36 29 6
27 37 17
37 2 17
15 38 7
38 2 7
13 39 6
39 2 6
5 40 14
40 2 14
16 41 1
41 2 1
18 42 6
42 2 6
16 43 17
43 4 17
26 44 6
44 4 6
24 45 3
45 5 3
26 46 3
46 5 3
9 47 19
47 5 19
8 48 18
48 5 18
29 49 12
49 5 12
6 50 14
50 5 14
17 51 2
51 5 2
26 52 11
52 8 11
12 53 2
53 8 2
9 54 18
54 8 18
21 55 3
55 8 3
18 56 2
56 8 2
21 57 5
57 9 5
14 58 12
58 9 12
16 59 13
59 9 13
21 60 18
60 11 18
14 61 15
61 11 15
15 62 17
62 12 17
27 63 7
63 13 7
15 64 5
64 13 5
25 65 3
65 15 3
29 66 3
66 15 3
26 67 3
67 15 3
18 68 8
68 15 8
21 69 20
69 15 20
17 70 15
70 15 15
24 71 3
71 16 3
21 72 9
72 16 9
18 73 19
73 17 19
26 74 2
74 18 2
24 75 13
75 18 13
21 76 14
76 18 14
27 77 6
77 21 6
26 78 6
78 21 6
26 79 9
79 25 9
29 80 8
80 26 8
0 20 20 20 20 20 20 20 20 20 20 20 20 20 20 20 20 20 20 20 20 20 20 20 20 20 20 20 20 20 
0 0 165 68 123 154 95 101 115 102 81 148 120 111 141 105 123 126 105 148 119 68 141 101 118 142 93 119 103 124 
0 20 0 20 20 20 20 20 20 20 20 20 20 20 20 20 20 20 20 20 20 20 20 20 20 20 20 20 20 20 
0 71 173 0 123 154 95 101 115 102 81 148 120 111 141 105 123 126 105 148 119 68 141 101 118 142 93 119 103 124 
0 71 173 68 0 154 95 101 115 102 81 148 120 111 141 105 123 126 105 148 119 68 141 101 118 142 93 119 103 124 
0 71 76 68 76 0 76 76 76 76 76 76 76 76 76 76 76 76 76 76 76 68 76 76 76 76 76 76 76 76 
0 71 83 68 83 83 0 83 83 83 81 83 83 83 83 83 83 83 83 83 83 68 83 83 83 83 83 83 83 90 
0 71 173 68 123 154 95 0 115 102 81 148 120 111 141 105 123 126 105 148 119 68 141 101 118 142 93 119 103 124 
0 71 171 68 123 154 95 101 0 102 81 148 120 111 141 105 123 126 105 148 119 68 141 101 118 142 93 119 103 124 
0 31 31 31 31 31 31 31 31 0 31 31 31 31 31 31 31 31 31 31 31 31 31 31 31 31 31 31 31 32 
0 63 63 63 63 63 63 63 63 63 0 63 63 63 63 63 63 63 63 63 63 63 63 63 63 63 63 63 63 63 
0 71 84 68 84 84 84 84 84 84 81 0 84 84 84 84 84 84 84 84 84 68 84 84 84 84 84 84 84 84 
0 71 134 68 123 134 95 101 115 102 81 134 0 111 134 105 123 126 105 134 119 68 134 101 118 134 93 119 103 124 
0 71 90 68 90 90 90 90 90 90 81 90 90 0 90 90 90 90 90 90 90 68 90 90 90 90 90 90 90 97 
0 71 173 68 123 154 95 101 115 102 81 148 120 111 0 105 123 126 105 148 119 68 141 101 118 142 93 119 103 124 
0 71 173 68 123 154 95 101 115 102 81 148 120 111 141 0 123 126 105 148 119 68 141 101 118 142 93 119 103 124 
0 71 94 68 94 94 94 94 94 94 81 94 94 94 94 94 0 94 94 94 94 68 94 94 94 94 93 94 94 97 
0 71 168 68 123 154 95 101 115 102 81 148 120 111 141 105 123 0 105 148 119 68 141 101 118 142 93 119 103 124 
0 20 20 20 20 20 20 20 20 20 20 20 20 20 20 20 20 20 0 20 20 20 20 20 20 20 20 20 20 20 
0 71 71 68 71 71 71 71 71 71 71 71 71 71 71 71 71 71 71 0 71 68 71 71 71 71 71 71 71 71 
0 71 173 68 123 154 95 101 115 102 81 148 120 111 141 105 123 126 105 148 0 68 141 101 118 142 93 119 103 124 
0 25 25 25 25 25 25 25 25 25 25 25 25 25 25 25 25 25 25 25 25 0 25 25 25 25 25 25 25 26 
0 20 20 20 20 20 20 20 20 20 20 20 20 20 20 20 20 20 20 20 20 20 0 20 20 20 20 20 20 20 
0 71 173 68 123 154 95 101 115 102 81 148 120 111 141 105 123 126 105 148 119 68 141 0 118 142 93 119 103 124 
0 71 80 68 80 80 80 80 80 80 80 80 80 80 80 80 80 80 80 80 80 68 80 80 0 80 80 80 80 99 
0 71 81 68 81 81 81 81 81 81 81 81 81 81 81 81 81 81 81 81 81 68 81 81 81 0 81 81 81 81 
0 71 154 68 123 154 95 101 115 102 81 148 120 111 141 105 123 126 105 148 119 68 141 101 118 142 0 119 103 124 
0 59 59 59 59 59 59 59 59 59 59 59 59 59 59 59 59 59 59 59 59 59 59 59 59 59 59 0 59 59 
0 71 72 68 72 72 72 72 72 72 72 72 72 72 72 72 72 72 72 72 72 68 72 72 72 72 72 72 0 72 
0 0 0 0 0 0 0 0 0 0 0 0 0 0 0 0 0 0 0 0 0 0 0 0 0 0 0 0 0 0 
0