80 350 30 0
1 21 20
21 10 20
10 19 20
19 4 20
4 29 20
29 26 20
26 7 20
7 16 20
16 9 20
9 14 20
14 8 20
8 20 20
20 18 20
18 22 20
22 23 20
23 13 20
13 25 20
25 24 20
24 15 20
15 2 20
2 28 20
28 3 20
3 5 20
5 6 20
6 17 20
17 27 20
27 11 20
11 12 20
15 30 20
1 14 4
1 5 19
1 29 9
1 4 20
1 30 4
2 7 9
2 10 8
2 8 9
2 27 5
3 19 6
3 29 4
4 5 2
4 14 11
4 6 4
4 8 12
4 17 17
4 23 9
4 11 12
4 18 7
4 2 11
4 25 3
4 21 14
4 13 9
4 27 14
4 26 11
4 24 1
5 22 15
5 19 19
5 2 4
5 8 8
6 29 11
6 14 14
6 24 9
6 16 17
6 26 8
6 20 14
6 7 9
6 23 4
6 8 8
6 9 2
6 15 6
6 11 5
7 22 17
7 10 14
7 20 3
7 11 2
7 23 9
7 18 20
7 21 19
7 17 11
7 24 18
7 15 9
7 8 4
7 27 15
7 29 1
8 9 14
8 19 12
8 3 10
8 17 16
8 16 20
8 22 4
8 28 1
8 23 8
8 11 13
8 21 20
8 13 12
9 25 4
9 17 10
9 24 18
9 4 4
9 7 5
9 19 16
9 5 15
9 20 11
9 22 4
9 10 14
9 3 16
9 11 20
10 8 11
11 29 1
11 16 6
11 24 3
11 15 14
11 17 17
11 14 7
11 5 17
11 13 14
11 25 8
11 20 12
11 23 10
12 15 13
12 16 8
12 22 20
13 14 4
13 15 16
13 9 1
13 3 10
13 16 5
13 29 20
13 7 9
13 24 13
13 6 16
13 5 19
13 10 4
13 28 17
14 21 1
14 26 5
14 27 8
14 7 17
14 12 8
14 2 15
14 10 20
14 20 15
15 21 15
15 26 5
15 3 19
15 4 12
15 28 1
15 8 16
15 9 12
15 14 12
15 10 12
15 16 7
15 18 14
15 5 18
15 29 17
15 22 8
17 28 12
17 3 19
17 10 7
17 2 18
17 25 10
17 15 7
17 29 18
17 13 4
17 19 3
17 16 8
17 21 17
17 24 1
17 22 16
18 6 14
18 23 2
18 8 20
18 5 4
18 11 20
18 2 11
18 16 10
19 22 12
19 27 17
19 12 14
19 20 18
19 28 9
19 15 19
19 25 11
19 6 3
21 5 1
21 19 3
21 3 1
21 18 12
21 25 14
21 6 2
21 23 3
21 2 7
21 11 19
21 29 20
21 22 11
21 27 16
21 9 20
21 16 4
22 20 1
22 11 1
22 26 11
23 16 10
23 28 17
23 29 13
23 20 18
24 8 12
24 22 13
25 14 6
25 5 2
25 15 3
25 10 2
25 26 7
25 20 12
25 27 4
25 29 12
25 12 17
25 22 6
25 8 5
25 16 15
25 18 11
26 18 10
26 21 8
26 5 15
26 10 11
26 11 3
26 12 17
26 28 8
26 8 8
26 23 20
26 17 7
26 19 2
26 27 5
26 3 8
26 20 4
29 8 3
3 30 12
4 30 17
5 30 20
6 30 2
7 30 18
9 30 6
11 30 17
12 30 12
14 30 7
16 30 1
17 30 1
18 30 3
19 30 12
21 30 3
22 30 6
10 31 10
31 21 10
4 32 1
32 19 1
7 33 14
33 26 14
9 34 3
34 16 3
8 35 9
35 14 9
23 36 1
36 22 1
13 37 19
37 23 19
25 38 5
38 13 5
15 39 18
39 24 18
2 40 8
40 15 8
6 41 4
41 5 4
7 42 8
42 2 8
8 43 13
43 2 13
29 44 20
44 3 20
5 45 2
45 4 2
17 46 1
46 4 1
21 47 3
47 4 3
26 48 8
48 4 8
22 49 12
49 5 12
8 50 14
50 5 14
23 51 5
51 6 5
8 52 6
52 6 6
9 53 6
53 6 6
11 54 16
54 7 16
23 55 5
55 7 5
18 56 2
56 7 2
21 57 5
57 7 5
17 58 18
58 7 18
15 59 16
59 7 16
8 60 17
60 7 17
9 61 13
61 8 13
17 62 2
62 8 2
23 63 17
63 8 17
13 64 19
64 8 19
25 65 7
65 9 7
17 66 18
66 9 18
22 67 9
67 9 9
11 68 7
68 9 7
24 69 19
69 11 19
15 70 8
70 13 8
24 71 18
71 13 18
21 72 7
72 14 7
26 73 20
73 15 20
18 74 2
74 15 2
25 75 9
75 17 9
22 76 2
76 17 2
23 77 16
77 18 16
22 78 18
78 19 18
25 79 3
79 21 3
22 80 7
80 21 7
0 72 72 70 72 72 72 72 72 72 72 72 72 72 72 72 72 72 72 72 72 72 72 72 70 72 72 72 72 76 
0 0 59 50 59 59 59 59 59 59 59 59 59 59 59 59 59 59 59 59 59 59 59 59 59 59 59 59 59 59 
0 30 0 30 30 30 30 30 30 30 30 30 30 30 30 30 30 30 30 30 30 30 30 30 30 30 30 30 30 42 
0 107 123 0 143 76 148 158 110 112 134 76 90 90 137 133 109 110 100 128 114 147 104 101 70 81 104 85 137 157 
0 68 68 50 0 68 68 68 68 68 68 68 68 68 68 68 68 68 68 68 68 68 68 68 68 68 68 68 68 88 
0 107 123 50 131 0 131 131 110 112 131 76 90 90 131 131 109 110 100 128 114 131 104 101 70 81 104 85 131 133 
0 107 123 50 143 76 0 184 110 112 134 76 90 90 137 133 109 110 100 128 114 147 104 101 70 81 104 85 137 157 
0 107 123 50 143 76 148 0 110 112 134 76 90 90 137 133 109 110 100 128 114 147 104 101 70 81 104 85 137 157 
0 107 123 50 143 76 148 176 0 112 134 76 90 90 137 133 109 110 100 128 114 147 104 101 70 81 104 85 137 157 
0 41 41 41 41 41 41 41 41 0 41 41 41 41 41 41 41 41 41 41 41 41 41 41 41 41 41 41 41 41 
0 107 123 50 143 76 148 152 110 112 0 76 90 90 137 133 109 110 100 128 114 147 104 101 70 81 104 85 137 157 
0 41 41 41 41 41 41 41 41 41 41 0 41 41 41 41 41 41 41 41 41 41 41 41 41 41 41 41 41 53 
0 107 123 50 143 76 148 187 110 112 134 76 0 90 137 133 109 110 100 128 114 147 104 101 70 81 104 85 137 157 
0 107 109 50 109 76 109 109 109 109 109 76 90 0 109 109 109 109 100 109 109 109 104 101 70 81 104 85 109 116 
0 107 123 50 143 76 148 187 110 112 134 76 90 90 0 133 109 110 100 128 114 147 104 101 70 81 104 85 137 157 
0 20 20 20 20 20 20 20 20 20 20 20 20 20 20 0 20 20 20 20 20 20 20 20 20 20 20 20 20 21 
0 107 123 50 143 76 148 187 110 112 134 76 90 90 137 133 0 110 100 128 114 147 104 101 70 81 104 85 137 157 
0 105 105 50 105 76 105 105 105 105 105 76 90 90 105 105 105 0 100 105 105 105 104 101 70 81 104 85 105 108 
0 107 123 50 123 76 123 123 110 112 123 76 90 90 123 123 109 110 0 123 114 123 104 101 70 81 104 85 123 135 
0 20 20 20 20 20 20 20 20 20 20 20 20 20 20 20 20 20 20 0 20 20 20 20 20 20 20 20 20 20 
0 107 123 50 143 76 148 168 110 112 134 76 90 90 137 133 109 110 100 128 0 147 104 101 70 81 104 85 137 157 
0 81 81 50 81 76 81 81 81 81 81 76 81 81 81 81 81 81 81 81 81 0 81 81 70 81 81 81 81 87 
0 107 122 50 122 76 122 122 110 112 122 76 90 90 122 122 109 110 100 122 114 122 0 101 70 81 104 85 122 122 
0 82 82 50 82 76 82 82 82 82 82 76 82 82 82 82 82 82 82 82 82 82 82 0 70 81 82 82 82 82 
0 107 123 50 143 76 146 146 110 112 134 76 90 90 137 133 109 110 100 128 114 146 104 101 0 81 104 85 137 146 
0 107 123 50 143 76 148 174 110 112 134 76 90 90 137 133 109 110 100 128 114 147 104 101 70 0 104 85 137 157 
0 20 20 20 20 20 20 20 20 20 20 20 20 20 20 20 20 20 20 20 20 20 20 20 20 20 0 20 20 20 
0 20 20 20 20 20 20 20 20 20 20 20 20 20 20 20 20 20 20 20 20 20 20 20 20 20 20 0 20 20 
0 43 43 43 43 43 43 43 43 43 43 43 43 43 43 43 43 43 43 43 43 43 43 43 43 43 43 43 0 43 
0 0 0 0 0 0 0 0 0 0 0 0 0 0 0 0 0 0 0 0 0 0 0 0 0 0 0 0 0 0 
0