84 354 30 0
1 10 20
10 16 20
16 29 20
29 14 20
14 2 20
2 19 20
19 8 20
8 23 20
23 3 20
3 18 20
18 12 20
12 25 20
25 11 20
11 6 20
6 5 20
5 13 20
13 21 20
21 22 20
22 27 20
27 28 20
28 7 20
7 20 20
20 17 20
17 9 20
9 26 20
26 4 20
4 15 20
15 24 20
5 30 20
1 22 5
1 12 18
1 21 13
1 4 13
1 15 1
1 3 2
1 27 1
1 13 8
1 19 14
1 9 1
2 7 19
2 20 13
2 11 9
2 13 16
2 21 9
2 12 3
2 16 13
2 10 19
2 8 12
2 25 3
2 23 15
2 18 6
3 20 12
3 8 7
3 21 5
3 14 2
3 28 19
3 4 16
3 29 8
3 9 17
4 21 17
4 6 18
4 27 15
4 19 16
4 20 11
4 22 15
4 23 1
4 17 8
4 14 19
4 7 9
5 11 1
5 28 13
6 10 19
6 16 14
6 3 1
6 13 1
6 18 9
6 19 5
6 24 11
6 23 10
6 29 5
6 14 1
6 7 7
6 20 5
6 17 1
6 15 6
6 9 8
6 26 13
7 21 11
8 25 14
8 29 9
8 24 15
8 10 7
8 5 9
8 28 15
9 23 7
9 28 10
9 11 7
9 13 3
9 10 5
10 29 5
10 11 16
10 21 5
10 24 4
10 25 1
10 3 17
10 5 20
10 17 7
10 12 7
10 20 18
11 17 15
11 15 17
11 7 16
11 16 15
11 19 9
11 24 20
11 13 16
11 20 1
11 28 16
11 18 5
11 22 13
12 8 18
12 6 16
12 15 20
12 5 1
12 3 14
12 22 19
12 19 13
12 14 13
12 13 13
12 28 17
13 20 6
13 22 10
13 29 6
13 4 4
13 18 7
14 5 11
14 23 2
14 13 1
14 19 4
14 17 2
14 11 6
14 21 5
14 10 1
14 28 20
14 16 19
14 7 12
14 20 19
14 15 5
14 22 8
16 7 20
16 25 12
16 28 20
16 18 17
17 25 14
17 21 6
17 3 6
17 29 1
17 24 16
17 19 8
17 15 19
17 23 9
17 27 14
17 16 5
17 7 10
17 22 16
17 18 15
18 24 14
18 23 16
18 8 12
18 14 10
18 26 10
18 19 13
18 29 19
18 27 12
19 13 8
19 16 15
19 29 6
19 26 11
19 25 1
19 15 13
19 7 6
19 27 15
19 21 10
19 23 14
19 9 7
21 11 7
21 8 11
21 27 7
21 9 4
21 28 16
21 29 2
21 16 6
21 20 9
21 23 15
22 9 19
22 15 9
22 20 6
22 23 19
22 3 5
22 6 6
22 10 2
22 2 14
22 19 15
22 26 14
23 26 15
23 25 17
23 13 6
23 16 5
23 15 8
23 12 15
23 11 4
23 28 3
23 7 9
23 27 8
24 4 2
24 29 3
24 22 6
24 5 11
24 7 7
24 9 16
24 13 4
24 2 9
24 23 18
24 12 1
24 20 20
24 27 12
25 22 8
25 3 5
26 12 12
26 7 13
26 27 1
27 3 5
27 16 12
28 15 5
28 26 8
3 30 8
6 30 20
7 30 13
9 30 2
10 30 1
11 30 4
12 30 4
14 30 3
15 30 20
18 30 16
22 30 13
14 31 10
31 29 10
2 32 5
32 14 5
23 33 20
33 8 20
11 34 6
34 25 6
6 35 5
35 11 5
21 36 2
36 13 2
22 37 18
37 21 18
27 38 4
38 22 4
7 39 10
39 28 10
17 40 11
40 20 11
4 41 1
41 26 1
24 42 9
42 15 9
11 43 6
43 2 6
13 44 12
44 2 12
21 45 10
45 2 10
10 46 6
46 2 6
8 47 7
47 3 7
21 48 11
48 3 11
14 49 19
49 3 19
29 50 18
50 3 18
21 51 9
51 4 9
6 52 20
52 4 20
22 53 19
53 4 19
23 54 19
54 4 19
17 55 2
55 4 2
14 56 18
56 4 18
28 57 2
57 5 2
13 58 1
58 6 1
19 59 6
59 6 6
24 60 16
60 6 16
23 61 3
61 6 3
24 62 8
62 8 8
11 63 12
63 9 12
11 64 1
64 10 1
21 65 12
65 10 12
12 66 20
66 10 20
20 67 10
67 10 10
19 68 13
68 11 13
24 69 2
69 11 2
13 70 15
70 11 15
22 71 12
71 12 12
14 72 10
72 12 10
22 73 17
73 13 17
18 74 5
74 13 5
23 75 4
75 14 4
19 76 7
76 14 7
21 77 18
77 14 18
22 78 17
78 14 17
19 79 9
79 17 9
23 80 8
80 17 8
22 81 12
81 17 12
23 82 12
82 18 12
23 83 13
83 19 13
27 84 1
84 26 1
0 77 96 96 74 86 96 96 96 96 96 96 96 96 96 96 82 91 96 96 96 96 96 96 88 93 96 96 94 96 
0 0 128 129 74 86 148 108 103 96 105 80 112 116 131 124 82 91 116 151 106 119 146 100 88 93 104 162 94 124 
0 77 0 106 74 86 106 106 103 96 105 80 106 106 106 106 82 91 106 106 106 106 106 100 88 93 104 106 94 114 
0 77 128 0 74 86 148 108 103 96 105 80 112 116 131 124 82 91 116 150 106 119 146 100 88 93 104 150 94 124 
0 34 34 34 0 34 34 34 34 34 34 34 34 34 34 34 34 34 34 34 34 34 34 34 34 34 34 34 34 54 
0 77 128 129 74 0 148 108 103 96 105 80 112 116 131 124 82 91 116 151 106 119 146 100 88 93 104 161 94 124 
0 41 41 41 41 41 0 41 41 41 41 41 41 41 41 41 41 41 41 41 41 41 41 41 41 41 41 41 41 54 
0 77 96 96 74 86 96 0 96 96 96 80 96 96 96 96 82 91 96 96 96 96 96 96 88 93 96 96 94 96 
0 52 52 52 52 52 52 52 0 52 52 52 52 52 52 52 52 52 52 52 52 52 52 52 52 52 52 52 52 54 
0 77 126 126 74 86 126 108 103 0 105 80 112 116 126 124 82 91 116 126 106 119 126 100 88 93 104 126 94 124 
0 77 128 129 74 86 148 108 103 96 0 80 112 116 131 124 82 91 116 151 106 119 146 100 88 93 104 179 94 124 
0 77 128 129 74 86 148 108 103 96 105 0 112 116 131 124 82 91 116 151 106 119 146 100 88 93 104 179 94 124 
0 77 81 81 74 81 81 81 81 81 81 80 0 81 81 81 81 81 81 81 81 81 81 81 81 81 81 81 81 81 
0 77 128 129 74 86 148 108 103 96 105 80 112 0 131 124 82 91 116 151 106 119 146 100 88 93 104 179 94 124 
0 20 20 20 20 20 20 20 20 20 20 20 20 20 0 20 20 20 20 20 20 20 20 20 20 20 20 20 20 40 
0 77 89 89 74 86 89 89 89 89 89 80 89 89 89 0 82 89 89 89 89 89 89 89 88 89 89 89 89 89 
0 77 128 129 74 86 148 108 103 96 105 80 112 116 131 124 0 91 116 151 106 119 146 100 88 93 104 171 94 124 
0 77 128 129 74 86 131 108 103 96 105 80 112 116 131 124 82 0 116 131 106 119 131 100 88 93 104 131 94 124 
0 77 128 129 74 86 148 108 103 96 105 80 112 116 131 124 82 91 0 151 106 119 146 100 88 93 104 161 94 124 
0 30 30 30 30 30 30 30 30 30 30 30 30 30 30 30 30 30 30 0 30 30 30 30 30 30 30 30 30 30 
0 77 128 129 74 86 148 108 103 96 105 80 112 116 131 124 82 91 116 151 0 119 146 100 88 93 104 159 94 124 
0 77 128 129 74 86 148 108 103 96 105 80 112 116 131 124 82 91 116 151 106 0 146 100 88 93 104 179 94 124 
0 77 128 129 74 86 148 108 103 96 105 80 112 116 131 124 82 91 116 151 106 119 0 100 88 93 104 179 94 124 
0 77 128 129 74 86 135 108 103 96 105 80 112 116 131 124 82 91 116 135 106 119 135 0 88 93 104 135 94 124 
0 33 33 33 33 33 33 33 33 33 33 33 33 33 33 33 33 33 33 33 33 33 33 33 0 33 33 33 33 33 
0 46 46 46 46 46 46 46 46 46 46 46 46 46 46 46 46 46 46 46 46 46 46 46 46 0 46 46 46 46 
0 42 42 42 42 42 42 42 42 42 42 42 42 42 42 42 42 42 42 42 42 42 42 42 42 42 0 42 42 42 
0 35 35 35 35 35 35 35 35 35 35 35 35 35 35 35 35 35 35 35 35 35 35 35 35 35 35 0 35 35 
0 38 38 38 38 38 38 38 38 38 38 38 38 38 38 38 38 38 38 38 38 38 38 38 38 38 38 38 0 38 
0 0 0 0 0 0 0 0 0 0 0 0 0 0 0 0 0 0 0 0 0 0 0 0 0 0 0 0 0 0 
0