77 347 30 0
1 21 20
21 17 20
17 8 20
8 11 20
11 24 20
24 12 20
12 19 20
19 22 20
22 9 20
9 29 20
29 28 20
28 6 20
6 3 20
3 10 20
10 13 20
13 5 20
5 14 20
14 20 20
20 23 20
23 16 20
16 15 20
15 18 20
18 27 20
27 7 20
7 4 20
4 26 20
26 2 20
2 25 20
23 30 20
1 16 13
1 22 7
1 17 12
1 12 3
1 6 7
1 9 8
1 26 13
1 8 8
1 10 3
1 27 9
1 14 13
1 19 9
1 2 7
2 29 8
2 15 1
2 21 13
2 28 17
2 8 15
2 22 13
3 8 14
3 24 2
3 22 1
3 28 20
3 7 16
3 2 4
3 15 18
3 4 3
3 11 2
3 12 8
3 20 6
3 25 10
3 5 10
3 13 12
3 23 8
3 18 17
3 17 18
3 26 8
5 22 15
5 24 13
5 17 3
6 17 2
6 12 4
6 10 1
6 2 9
6 5 20
6 13 16
6 21 9
6 26 8
6 16 14
6 25 5
6 7 5
7 8 18
7 22 17
7 15 14
7 19 10
7 17 16
7 29 13
7 14 2
7 20 10
7 21 6
7 25 5
8 27 10
8 4 19
8 10 6
8 18 15
8 6 15
8 26 5
9 10 18
9 19 15
9 11 19
9 24 15
9 20 7
9 6 7
9 27 11
9 12 13
9 5 6
9 28 15
9 23 4
9 4 3
9 26 10
9 3 16
9 25 2
9 21 4
10 20 10
11 21 16
11 7 17
11 12 12
11 23 5
11 27 9
11 6 15
11 20 20
11 15 14
11 4 2
13 19 12
13 23 3
13 14 16
13 11 19
13 9 1
13 4 4
13 16 12
13 18 10
14 27 4
14 22 10
14 29 6
14 25 8
14 3 2
14 12 5
14 2 5
14 11 2
14 4 6
14 19 12
14 28 10
14 10 15
15 13 4
16 8 8
16 22 9
16 21 19
16 3 12
16 11 19
16 19 17
16 7 16
16 29 15
16 12 6
16 26 13
17 2 7
17 15 12
17 9 19
18 26 9
18 4 18
18 9 16
18 7 12
18 24 20
18 29 20
18 21 12
19 18 18
19 17 12
19 6 2
19 5 11
20 6 5
20 17 15
20 2 8
21 20 2
21 29 9
21 8 3
21 26 1
21 15 8
21 27 6
21 22 8
21 5 18
21 4 20
21 24 2
21 25 10
21 19 9
21 28 11
21 10 2
22 20 3
22 11 20
22 4 9
22 13 12
22 23 6
22 27 1
22 28 17
22 29 1
22 15 14
22 17 11
22 18 11
22 12 8
23 8 11
23 19 7
23 28 13
23 24 1
23 27 10
23 5 20
23 2 9
24 27 15
24 29 13
24 10 19
24 7 19
24 6 6
24 2 10
24 19 5
24 17 3
24 15 16
24 16 3
24 22 10
24 26 20
24 13 20
24 8 5
25 20 13
25 24 14
25 28 17
25 11 7
25 16 15
25 18 2
26 25 17
26 20 16
26 19 5
26 27 14
26 22 11
26 29 11
26 28 5
26 13 19
26 14 11
26 23 16
27 12 11
27 2 6
27 17 15
27 19 15
27 29 12
27 25 5
27 6 4
28 17 7
28 4 15
28 18 13
29 13 12
29 6 7
29 10 20
29 3 8
29 19 3
2 30 4
3 30 16
7 30 11
10 30 17
12 30 18
8 31 19
31 17 19
11 32 12
32 8 12
19 33 16
33 12 16
22 34 3
34 19 3
6 35 14
35 28 14
3 36 12
36 6 12
18 37 18
37 15 18
26 38 8
38 4 8
21 39 12
39 2 12
22 40 9
40 2 9
22 41 17
41 3 17
7 42 8
42 3 8
20 43 2
43 3 2
18 44 1
44 3 1
22 45 20
45 5 20
24 46 12
46 5 12
16 47 20
47 6 20
25 48 3
48 6 3
8 49 19
49 7 19
15 50 10
50 7 10
20 51 2
51 7 2
21 52 12
52 7 12
18 53 18
53 8 18
26 54 4
54 8 4
11 55 14
55 9 14
27 56 1
56 9 1
26 57 11
57 9 11
21 58 20
58 9 20
23 59 8
59 11 8
20 60 12
60 11 12
18 61 7
61 13 7
27 62 15
62 14 15
28 63 5
63 14 5
21 64 11
64 16 11
19 65 14
65 16 14
29 66 15
66 16 15
26 67 12
67 16 12
24 68 9
68 18 9
26 69 12
69 21 12
27 70 8
70 21 8
22 71 8
71 21 8
25 72 6
72 21 6
23 73 19
73 22 19
27 74 13
74 22 13
24 75 12
75 23 12
26 76 7
76 24 7
28 77 6
77 25 6
0 106 86 127 132 123 132 132 110 104 128 106 122 82 132 129 132 115 132 107 132 132 74 94 88 107 109 132 128 86 
0 0 86 87 87 87 87 87 87 87 87 87 87 69 87 87 87 87 87 87 87 87 74 87 87 87 87 87 87 86 
0 99 0 127 137 116 148 128 102 101 128 103 122 69 135 116 141 115 133 107 113 146 74 94 88 94 100 159 128 86 
0 20 20 0 20 20 20 20 20 20 20 20 20 20 20 20 20 20 20 20 20 20 20 20 20 20 20 20 20 20 
0 51 51 51 0 51 51 51 51 51 51 51 51 51 51 51 51 51 51 51 51 51 51 51 51 51 51 51 51 51 
0 99 86 127 127 0 127 127 102 101 127 103 122 69 127 116 127 115 127 107 113 127 74 94 88 94 100 127 127 86 
0 99 86 127 137 116 0 128 102 101 128 103 122 69 135 116 139 115 133 107 113 139 74 94 88 94 100 139 128 86 
0 99 86 127 128 116 128 0 102 101 128 103 122 69 128 116 128 115 128 107 113 128 74 94 88 94 100 128 128 86 
0 99 86 127 137 116 148 128 0 101 128 103 122 69 135 116 141 115 133 107 113 146 74 94 88 94 100 159 128 86 
0 30 30 30 30 30 30 30 30 0 30 30 30 30 30 30 30 30 30 30 30 30 30 30 30 30 30 30 30 47 
0 99 86 127 137 116 148 128 102 101 0 103 122 69 135 116 141 115 133 107 113 146 74 94 88 94 100 156 128 86 
0 20 20 20 20 20 20 20 20 20 20 0 20 20 20 20 20 20 20 20 20 20 20 20 20 20 20 20 20 38 
0 97 86 97 97 97 97 97 97 97 97 97 0 69 97 97 97 97 97 97 97 97 74 94 88 94 97 97 97 86 
0 99 86 105 105 105 105 105 102 101 105 103 105 0 105 105 105 105 105 105 105 105 74 94 88 94 100 105 105 86 
0 34 34 34 34 34 34 34 34 34 34 34 34 34 0 34 34 34 34 34 34 34 34 34 34 34 34 34 34 34 
0 99 86 127 137 116 148 128 102 101 128 103 122 69 135 0 141 115 133 107 113 146 74 94 88 94 100 159 128 86 
0 58 58 58 58 58 58 58 58 58 58 58 58 58 58 58 0 58 58 58 58 58 58 58 58 58 58 58 58 58 
0 99 86 127 137 116 148 128 102 101 128 103 122 69 135 116 141 0 133 107 113 146 74 94 88 94 100 159 128 86 
0 77 77 77 77 77 77 77 77 77 77 93 77 69 77 77 77 77 0 77 77 77 74 77 77 77 77 77 77 86 
0 64 64 64 64 64 64 64 64 64 64 64 64 64 64 64 64 64 64 0 64 64 64 64 64 64 64 64 64 64 
0 99 86 127 137 116 148 128 102 101 128 103 122 69 135 116 141 115 133 107 0 146 74 94 88 94 100 159 128 86 
0 99 86 127 137 116 148 128 102 101 128 103 122 69 135 116 141 115 133 107 113 0 74 94 88 94 100 159 128 86 
0 99 86 118 118 116 118 118 102 101 118 103 118 69 118 116 118 115 118 107 113 118 0 94 88 94 100 118 118 86 
0 99 86 127 137 116 148 128 102 101 128 103 122 69 135 116 141 115 133 107 113 146 74 0 88 94 100 159 128 86 
0 77 77 77 77 77 77 77 77 77 77 77 77 69 77 77 77 77 77 77 77 77 74 77 0 77 77 77 77 77 
0 99 86 127 137 116 148 128 102 101 128 103 122 69 135 116 141 115 133 107 113 146 74 94 88 0 100 159 128 86 
0 99 86 125 125 116 125 125 102 101 125 103 122 69 125 116 125 115 125 107 113 125 74 94 88 94 0 125 125 86 
0 66 66 66 66 66 66 66 66 66 66 66 66 66 66 66 66 66 66 66 66 66 66 66 66 66 66 0 66 66 
0 85 85 85 85 85 85 85 85 85 85 85 85 69 85 85 85 85 85 85 85 85 74 85 85 85 85 85 0 85 
0 0 0 0 0 0 0 0 0 0 0 0 0 0 0 0 0 0 0 0 0 0 0 0 0 0 0 0 0 0 
0