91 361 30 0
1 20 20
20 16 20
16 19 20
19 13 20
13 14 20
14 8 20
8 15 20
15 2 20
2 17 20
17 10 20
10 24 20
24 9 20
9 22 20
22 12 20
12 7 20
7 18 20
18 4 20
4 5 20
5 28 20
28 29 20
29 6 20
6 27 20
27 21 20
21 23 20
23 11 20
11 3 20
3 26 20
26 25 20
16 30 20
1 24 9
2 19 15
2 24 6
2 5 2
2 28 6
2 23 8
2 27 6
2 26 7
2 12 1
2 25 7
2 7 2
2 21 11
2 18 1
2 4 15
2 16 6
3 5 10
3 28 20
3 14 13
3 10 6
3 9 14
3 4 14
3 29 18
3 13 18
3 22 5
4 24 9
5 6 14
5 20 10
5 7 18
5 22 17
5 21 13
5 10 3
5 16 19
5 9 14
5 14 16
5 15 11
5 17 11
5 19 5
5 12 13
5 25 12
5 18 9
5 23 13
6 24 2
6 11 15
6 17 8
6 7 1
6 25 10
6 8 15
6 22 20
6 26 13
7 17 18
7 29 12
7 25 9
7 28 1
7 16 16
7 4 3
7 8 2
7 27 7
7 21 10
7 9 14
7 26 11
7 23 4
7 13 18
7 19 19
7 3 15
7 11 13
8 28 4
8 25 18
8 20 17
8 12 4
8 21 11
9 10 4
9 15 10
9 23 17
9 8 18
9 13 8
9 11 3
9 4 11
9 27 2
9 16 1
10 19 12
10 18 17
10 28 6
10 21 7
10 16 10
10 22 20
10 15 16
10 29 2
10 2 2
11 20 3
11 2 11
11 4 4
11 18 14
11 12 17
11 5 17
11 29 10
11 27 9
12 21 11
12 29 5
12 19 20
12 28 16
12 9 8
12 14 7
12 17 15
12 10 7
12 15 3
12 26 15
12 16 8
12 4 6
12 24 3
12 23 14
13 22 10
13 8 20
13 17 13
13 10 16
13 27 4
14 10 14
14 25 4
14 7 13
14 27 9
14 18 19
14 23 2
14 28 4
14 15 9
15 27 20
16 11 17
16 18 11
16 4 5
16 25 6
16 23 12
16 24 5
16 3 5
16 22 17
16 27 1
16 28 7
16 8 10
17 24 14
17 11 6
17 26 4
17 15 4
17 23 12
17 21 20
17 3 20
18 29 18
18 27 1
18 12 14
19 23 20
19 22 1
19 11 16
19 17 17
19 18 19
19 24 7
19 8 17
19 4 13
19 20 17
20 17 9
21 18 3
21 22 5
22 7 6
22 26 14
22 18 15
22 15 7
22 28 3
22 23 6
22 4 19
22 24 13
22 27 10
23 4 2
23 20 14
23 3 5
23 18 7
23 25 1
23 13 19
24 8 6
24 14 2
24 26 9
25 12 9
25 20 15
25 19 15
25 3 4
25 24 4
26 20 11
26 19 6
26 16 6
26 11 15
26 8 6
26 5 9
26 4 16
28 21 14
28 23 13
28 26 14
28 19 8
28 15 14
28 25 15
28 11 19
3 30 19
6 30 17
10 30 7
13 30 5
14 30 13
15 30 15
17 30 3
20 30 14
22 30 5
23 30 17
24 30 16
25 30 12
26 30 6
27 30 8
28 30 18
29 30 16
19 31 11
31 16 11
14 32 16
32 13 16
22 33 20
33 9 20
5 34 11
34 4 11
21 35 2
35 27 2
23 36 6
36 21 6
26 37 2
37 3 2
5 38 13
38 2 13
28 39 10
39 2 10
23 40 13
40 2 13
12 41 7
41 2 7
25 42 16
42 2 16
7 43 10
43 2 10
16 44 11
44 2 11
5 45 3
45 3 3
28 46 18
46 3 18
14 47 3
47 3 3
9 48 3
48 3 3
22 49 2
49 3 2
24 50 10
50 4 10
7 51 6
51 5 6
22 52 19
52 5 19
16 53 16
53 5 16
9 54 6
54 5 6
14 55 17
55 5 17
12 56 17
56 5 17
17 57 2
57 6 2
7 58 18
58 6 18
16 59 15
59 7 15
23 60 3
60 7 3
11 61 12
61 7 12
28 62 10
62 8 10
21 63 19
63 8 19
10 64 12
64 9 12
23 65 4
65 9 4
13 66 1
66 9 1
11 67 9
67 9 9
16 68 10
68 9 10
18 69 13
69 10 13
21 70 5
70 10 5
16 71 17
71 10 17
18 72 19
72 11 19
28 73 10
73 12 10
14 74 12
74 12 12
17 75 13
75 12 13
16 76 9
76 12 9
22 77 12
77 13 12
17 78 17
78 13 17
28 79 20
79 14 20
15 80 6
80 14 6
25 81 3
81 16 3
24 82 13
82 16 13
22 83 10
83 16 10
24 84 9
84 17 9
23 85 5
85 17 5
23 86 5
86 19 5
22 87 18
87 19 18
24 88 15
88 19 15
26 89 14
89 22 14
23 90 13
90 22 13
26 91 7
91 24 7
0 29 29 29 29 29 29 29 29 29 29 29 29 29 29 29 29 29 29 29 29 29 29 29 29 29 29 29 29 29 
0 0 100 113 113 54 90 113 113 105 113 113 113 84 94 113 113 113 113 87 113 113 113 90 102 107 91 87 85 113 
0 113 0 138 138 54 90 138 126 105 138 122 128 84 94 123 125 135 138 87 123 138 138 90 102 107 91 87 85 157 
0 29 29 0 29 29 29 29 29 29 29 29 29 29 29 29 29 29 29 29 29 29 29 29 29 29 29 29 29 29 
0 113 100 149 0 54 90 143 126 105 143 122 128 84 94 123 125 135 158 87 123 142 141 90 102 107 91 87 85 211 
0 104 100 104 104 0 90 104 104 104 104 104 104 84 94 104 104 104 104 87 104 104 104 90 102 104 91 87 85 121 
0 113 100 149 139 54 0 143 126 105 143 122 128 84 94 123 125 135 158 87 123 142 141 90 102 107 91 87 85 211 
0 74 74 74 74 54 74 0 74 74 74 74 74 74 74 74 74 74 74 74 74 74 74 74 74 74 74 74 74 74 
0 103 100 103 103 54 90 103 0 103 103 103 103 84 94 103 103 103 103 87 103 103 103 90 102 103 91 87 85 103 
0 113 100 124 124 54 90 124 124 0 124 122 124 84 94 123 124 124 124 87 123 124 124 90 102 107 91 87 85 131 
0 113 100 126 126 54 90 126 126 105 0 122 126 84 94 123 125 126 126 87 123 126 126 90 102 107 91 87 85 126 
0 113 100 149 139 54 90 143 126 105 143 0 128 84 94 123 125 135 158 87 123 142 141 90 102 107 91 87 85 182 
0 84 84 84 84 54 84 84 84 84 84 84 0 84 84 84 84 84 84 84 84 84 84 84 84 84 84 84 84 89 
0 113 100 142 139 54 90 142 126 105 142 122 128 0 94 123 125 135 142 87 123 142 141 90 102 107 91 87 85 155 
0 46 46 46 46 46 46 46 46 46 46 46 46 46 0 46 46 46 46 46 46 46 46 46 46 46 46 46 46 61 
0 113 100 149 139 54 90 143 126 105 143 122 128 84 94 0 125 135 158 87 123 142 141 90 102 107 91 87 85 211 
0 113 100 132 132 54 90 132 126 105 132 122 128 84 94 123 0 132 132 87 123 132 132 90 102 107 91 87 85 135 
0 85 85 85 85 54 85 85 85 85 85 85 85 84 85 85 85 0 85 85 85 85 85 85 85 85 85 85 85 85 
0 113 100 149 139 54 90 143 126 105 143 122 128 84 94 123 125 135 0 87 123 142 141 90 102 107 91 87 85 158 
0 29 29 29 29 29 29 29 29 29 29 29 29 29 29 29 29 29 29 0 29 29 29 29 29 29 29 29 29 43 
0 52 52 52 52 52 52 52 52 52 52 52 52 52 52 52 52 52 52 52 0 52 52 52 52 52 54 52 52 54 
0 113 100 149 139 54 90 143 126 105 143 122 128 84 94 123 125 135 158 87 123 0 141 90 102 107 91 87 85 199 
0 113 100 117 117 54 90 117 117 105 117 117 117 84 94 117 117 117 117 87 117 117 0 90 102 107 91 87 85 134 
0 84 84 84 84 54 84 84 84 84 84 84 84 84 84 84 84 84 84 84 84 84 84 0 84 84 84 84 84 100 
0 66 66 66 66 54 66 66 66 66 66 66 66 66 66 66 66 66 66 66 66 66 66 66 0 66 66 66 66 78 
0 112 100 112 112 54 90 112 112 105 112 112 112 84 94 112 112 112 112 87 112 112 112 90 102 0 91 87 85 118 
0 20 20 20 20 20 20 20 20 20 20 20 20 20 20 20 20 20 20 20 20 20 20 20 20 20 0 20 20 28 
0 113 100 149 139 54 90 143 126 105 143 122 128 84 94 123 125 135 158 87 123 142 141 90 102 107 91 0 85 203 
0 20 20 20 20 20 20 20 20 20 20 20 20 20 20 20 20 20 20 20 20 20 20 20 20 20 20 20 0 36 
0 0 0 0 0 0 0 0 0 0 0 0 0 0 0 0 0 0 0 0 0 0 0 0 0 0 0 0 0 0 
0