81 351 30 0
1 5 20
5 29 20
29 10 20
10 12 20
12 9 20
9 23 20
23 13 20
13 21 20
21 16 20
16 28 20
28 3 20
3 6 20
6 18 20
18 20 20
20 15 20
15 14 20
14 19 20
19 26 20
26 8 20
8 24 20
24 17 20
17 11 20
11 7 20
7 25 20
25 22 20
22 27 20
27 4 20
4 2 20
10 30 20
1 28 5
1 3 20
1 11 10
1 18 14
1 30 5
2 29 15
2 9 14
2 25 16
2 15 12
2 3 17
2 16 17
2 22 12
2 11 9
3 4 4
3 23 8
3 16 14
3 12 14
3 25 16
3 15 4
4 21 18
4 23 7
4 14 14
4 12 11
4 24 14
4 19 15
4 20 14
5 3 2
5 9 14
5 22 9
5 24 12
5 12 4
5 8 13
5 27 9
5 26 17
5 2 16
5 19 16
5 17 19
5 4 4
6 15 16
6 29 8
6 7 2
6 16 14
6 27 20
6 20 12
6 10 12
6 23 1
6 11 3
6 21 19
6 5 15
6 9 6
6 4 2
7 10 7
7 17 7
7 4 1
7 26 3
7 15 5
7 16 4
7 18 7
7 8 10
7 28 1
7 14 6
8 4 2
8 13 16
8 28 7
8 23 1
8 11 1
8 14 16
8 10 9
8 29 13
9 19 13
9 21 10
9 27 17
9 15 1
9 16 7
9 14 19
9 24 6
9 25 1
9 26 6
9 10 2
9 28 6
10 13 13
10 20 19
10 14 19
10 26 1
10 21 10
10 28 12
10 11 4
10 3 19
10 23 2
10 17 20
10 5 9
10 25 18
10 22 4
11 26 13
11 12 13
11 5 14
11 14 13
11 25 1
11 4 5
11 21 18
11 15 2
12 22 1
12 26 3
12 29 5
12 8 7
12 23 14
12 21 19
12 18 19
12 25 18
12 14 2
13 11 5
13 24 6
13 14 15
13 22 11
13 19 17
13 6 6
13 2 1
13 18 18
14 21 3
14 16 18
15 13 6
15 22 9
15 18 6
15 26 8
15 25 3
15 8 7
15 10 1
15 27 10
15 17 6
15 29 14
16 13 5
16 5 12
16 17 11
17 21 12
17 20 7
17 2 10
17 18 9
17 29 13
17 12 14
17 22 19
17 25 7
17 19 1
17 27 5
17 13 4
18 24 14
18 23 16
18 8 9
18 28 18
18 25 12
18 22 6
18 14 18
18 19 1
19 20 12
19 7 18
19 24 10
19 22 6
19 10 3
19 28 15
19 23 15
19 2 7
19 11 20
20 27 5
20 16 9
21 29 10
21 23 18
21 18 9
21 20 13
21 22 13
21 19 7
22 9 3
22 6 4
22 23 2
23 29 7
23 28 20
23 14 9
23 24 20
23 16 4
23 17 9
23 27 20
24 3 6
24 28 18
24 15 17
24 12 5
24 25 12
24 14 14
24 7 14
24 2 9
24 27 5
24 29 6
25 5 18
25 27 14
25 14 9
25 23 10
25 28 3
25 19 17
26 4 12
26 3 19
26 20 5
26 17 10
27 2 18
27 13 14
27 11 15
27 7 4
28 21 16
2 30 2
3 30 4
6 30 3
8 30 6
11 30 15
13 30 16
15 30 7
20 30 8
21 30 16
22 30 5
24 30 9
25 30 5
26 30 19
27 30 14
28 30 1
29 30 11
3 31 19
31 28 19
6 32 4
32 3 4
18 33 12
33 6 12
15 34 6
34 20 6
19 35 1
35 14 1
24 36 15
36 8 15
11 37 3
37 17 3
25 38 10
38 7 10
22 39 14
39 25 14
4 40 4
40 27 4
9 41 20
41 2 20
15 42 2
42 2 2
16 43 16
43 2 16
11 44 4
44 2 4
23 45 13
45 3 13
12 46 6
46 3 6
21 47 15
47 4 15
23 48 14
48 4 14
14 49 19
49 4 19
19 50 4
50 4 4
20 51 4
51 4 4
9 52 16
52 5 16
24 53 4
53 5 4
17 54 12
54 5 12
7 55 5
55 6 5
10 56 8
56 7 8
17 57 11
57 7 11
8 58 3
58 7 3
23 59 18
59 8 18
10 60 20
60 8 20
19 61 4
61 9 4
15 62 3
62 9 3
26 63 3
63 9 3
10 64 1
64 9 1
14 65 5
65 10 5
21 66 7
66 10 7
23 67 17
67 10 17
25 68 18
68 10 18
22 69 5
69 10 5
12 70 13
70 11 13
25 71 5
71 12 5
24 72 3
72 13 3
22 73 2
73 13 2
19 74 3
74 13 3
21 75 3
75 14 3
17 76 8
76 16 8
18 77 9
77 17 9
25 78 20
78 17 20
19 79 8
79 17 8
19 80 5
80 18 5
23 81 8
81 19 8
0 69 69 69 69 47 69 69 68 69 69 69 69 69 69 69 69 69 69 69 69 69 69 69 69 69 69 69 69 74 
0 0 106 106 100 47 90 112 68 106 90 86 86 112 77 112 112 93 112 108 112 110 112 102 112 71 112 112 111 114 
0 96 0 96 96 47 90 96 68 96 90 86 86 96 77 96 96 93 96 96 96 96 96 96 96 71 96 99 96 101 
0 117 106 0 100 47 90 117 68 106 90 86 86 117 77 115 117 93 115 108 117 110 114 102 117 71 117 117 111 117 
0 123 106 106 0 47 90 119 68 106 90 86 86 155 77 115 142 93 115 108 145 110 114 102 138 71 129 139 111 155 
0 123 106 106 100 0 90 119 68 106 90 86 86 154 77 115 142 93 115 108 145 110 114 102 138 71 129 139 111 157 
0 76 76 76 76 47 0 76 68 76 76 76 76 76 76 76 76 76 76 76 76 76 76 76 76 71 76 76 76 76 
0 88 88 88 88 47 88 0 68 88 88 86 86 88 77 88 88 88 88 88 88 88 88 88 88 71 88 88 88 94 
0 123 106 106 100 47 90 119 0 106 90 86 86 144 77 115 142 93 115 108 144 110 114 102 138 71 129 139 111 144 
0 123 106 106 100 47 90 119 68 0 90 86 86 178 77 115 142 93 115 108 145 110 114 102 138 71 129 139 111 161 
0 106 106 106 100 47 90 106 68 106 0 86 86 106 77 106 106 93 106 106 106 106 106 102 106 71 106 106 106 121 
0 123 106 106 100 47 90 119 68 106 90 0 86 127 77 115 127 93 115 108 127 110 114 102 127 71 127 127 111 127 
0 99 99 99 99 47 90 99 68 99 90 86 0 99 77 99 99 93 99 99 99 99 99 99 99 71 99 99 99 115 
0 65 65 65 65 47 65 65 65 65 65 65 65 0 65 65 65 65 65 65 65 65 65 65 65 65 65 65 65 65 
0 101 101 101 100 47 90 101 68 101 90 86 86 101 0 101 101 93 101 101 101 101 101 101 101 71 101 101 101 108 
0 64 64 64 64 47 64 64 64 64 64 64 64 64 64 0 64 64 64 64 64 64 64 64 64 64 64 64 64 64 
0 123 106 106 100 47 90 119 68 106 90 86 86 152 77 115 0 93 115 108 145 110 114 102 138 71 129 139 111 152 
0 123 106 106 100 47 90 119 68 106 90 86 86 135 77 115 135 0 115 108 135 110 114 102 135 71 129 135 111 135 
0 123 106 106 100 47 90 119 68 106 90 86 86 151 77 115 142 93 0 108 145 110 114 102 138 71 129 139 111 151 
0 38 38 38 38 38 38 38 38 38 38 38 38 38 38 38 38 38 38 0 38 38 38 38 38 38 38 38 38 46 
0 115 106 106 100 47 90 115 68 106 90 86 86 115 77 115 115 93 115 108 0 110 114 102 115 71 115 115 111 131 
0 50 50 50 50 47 50 50 50 50 50 50 50 50 50 50 50 50 50 50 50 0 50 50 50 50 50 50 50 55 
0 123 106 106 100 47 90 119 68 106 90 86 86 178 77 115 142 93 115 108 145 110 0 102 138 71 129 139 111 161 
0 123 106 106 100 47 90 119 68 106 90 86 86 148 77 115 142 93 115 108 145 110 114 0 138 71 129 139 111 157 
0 123 106 106 100 47 90 119 68 106 90 86 86 144 77 115 142 93 115 108 144 110 114 102 0 71 129 139 111 149 
0 69 69 69 69 47 69 69 68 69 69 69 69 69 69 69 69 69 69 69 69 69 69 69 69 0 69 69 69 88 
0 71 71 71 71 47 71 71 68 71 71 71 71 71 71 71 71 71 71 71 71 71 71 71 71 71 0 71 71 85 
0 36 36 36 36 36 36 36 36 36 36 36 36 36 36 36 36 36 36 36 36 36 36 36 36 36 36 0 36 37 
0 20 20 20 20 20 20 20 20 20 20 20 20 20 20 20 20 20 20 20 20 20 20 20 20 20 20 20 0 31 
0 0 0 0 0 0 0 0 0 0 0 0 0 0 0 0 0 0 0 0 0 0 0 0 0 0 0 0 0 0 
0