81 351 30 0
1 26 20
26 11 20
11 16 20
16 28 20
28 24 20
24 25 20
25 15 20
15 14 20
14 13 20
13 21 20
21 4 20
4 18 20
18 2 20
2 22 20
22 12 20
12 9 20
9 8 20
8 10 20
10 7 20
7 19 20
19 29 20
29 23 20
23 27 20
27 6 20
6 5 20
5 17 20
17 20 20
20 3 20
18 30 20
1 14 2
1 28 14
1 11 12
1 6 20
1 15 9
1 22 3
1 23 11
1 5 2
2 7 17
2 29 20
3 14 8
3 27 10
3 16 9
3 18 10
3 5 1
3 11 3
3 22 10
3 23 18
3 26 1
3 7 3
3 28 12
3 24 15
3 9 15
3 8 11
4 11 8
4 5 11
4 8 7
4 26 12
4 15 9
4 3 5
5 18 5
5 14 11
5 24 13
5 2 19
6 18 3
6 3 20
6 4 1
6 25 2
6 7 14
9 24 13
9 10 11
9 6 5
9 16 9
10 22 15
10 13 7
11 14 8
12 18 16
12 4 15
12 25 20
12 7 8
12 2 18
12 8 20
12 19 11
12 16 14
13 27 9
13 12 2
13 8 2
13 22 3
13 19 9
13 5 15
13 20 13
13 24 2
13 4 11
13 9 6
13 28 16
13 23 1
13 7 5
13 25 1
13 18 8
14 20 16
14 29 17
15 18 2
15 11 8
15 9 5
15 27 14
15 23 15
15 22 13
15 16 4
15 7 6
15 17 13
15 10 17
15 2 14
15 19 9
15 28 2
15 12 8
15 21 3
16 26 20
17 4 8
18 16 18
18 23 15
18 26 8
18 10 8
18 8 12
18 21 12
18 22 13
19 23 6
19 14 7
19 24 5
19 10 18
19 20 9
19 3 3
19 6 4
19 16 12
19 11 13
19 8 1
19 27 18
19 5 5
19 9 16
19 25 18
20 18 16
20 16 10
20 9 12
20 21 4
20 5 12
20 15 4
21 27 19
22 28 9
22 14 3
23 24 18
23 16 11
23 2 13
23 28 19
23 20 11
23 8 6
23 14 5
23 6 4
23 9 19
23 10 15
23 25 19
23 5 19
23 12 12
23 21 10
24 2 12
24 12 17
24 27 10
24 11 11
24 4 5
24 7 7
24 21 7
24 8 15
24 16 19
24 15 16
24 18 13
24 20 20
24 29 8
25 29 7
25 14 6
25 3 18
25 27 17
25 22 19
25 7 3
25 11 17
25 18 18
25 17 20
25 2 5
25 4 17
25 5 9
25 10 7
26 2 5
26 15 3
26 10 6
26 23 1
26 8 10
26 19 16
26 17 15
26 28 17
26 22 14
26 6 1
26 29 11
26 27 6
26 14 7
26 20 8
27 16 3
27 11 4
27 5 13
27 4 13
27 20 2
27 8 2
27 18 4
27 29 15
27 14 5
27 22 20
27 7 4
28 5 19
28 8 19
28 6 9
28 12 11
28 17 9
28 2 4
28 9 16
28 27 12
28 29 6
28 19 1
28 20 15
28 14 2
28 25 15
28 7 19
29 3 1
29 6 4
29 11 13
29 8 11
29 7 6
29 18 12
29 20 18
29 9 5
29 13 11
29 4 20
29 16 11
29 15 6
3 30 1
4 30 14
5 30 2
8 30 7
19 30 6
21 30 4
22 30 19
23 30 11
25 30 2
27 30 14
28 30 13
16 31 9
31 11 9
28 32 1
32 16 1
24 33 12
33 28 12
25 34 14
34 24 14
15 35 3
35 25 3
4 36 11
36 21 11
29 37 7
37 19 7
23 38 18
38 29 18
27 39 15
39 23 15
6 40 4
40 27 4
20 41 13
41 17 13
29 42 10
42 2 10
18 43 5
43 3 5
23 44 2
44 3 2
26 45 6
45 3 6
24 46 8
46 3 8
5 47 6
47 4 6
26 48 1
48 4 1
15 49 3
49 4 3
14 50 4
50 5 4
24 51 5
51 5 5
18 52 8
52 6 8
25 53 10
53 6 10
16 54 6
54 9 6
13 55 18
55 10 18
25 56 7
56 12 7
19 57 16
57 12 16
27 58 2
58 13 2
19 59 12
59 13 12
20 60 10
60 13 10
28 61 6
61 13 6
25 62 19
62 13 19
20 63 18
63 14 18
29 64 10
64 14 10
26 65 6
65 16 6
23 66 2
66 18 2
26 67 6
67 18 6
22 68 20
68 18 20
24 69 19
69 19 19
27 70 6
70 19 6
25 71 19
71 19 19
27 72 10
72 21 10
28 73 3
73 22 3
24 74 8
74 23 8
28 75 8
75 23 8
27 76 15
76 24 15
27 77 4
77 25 4
29 78 14
78 26 14
27 79 12
79 26 12
29 80 5
80 27 5
29 81 15
81 28 15
0 93 88 93 93 85 93 93 93 93 93 93 87 93 67 93 90 93 93 93 77 93 93 93 93 87 93 93 93 93 
0 0 57 57 57 57 57 57 57 57 57 57 57 57 57 57 57 57 57 57 57 57 57 57 57 57 57 57 57 57 
0 120 0 120 126 65 112 126 120 120 106 93 87 110 58 126 90 126 117 126 77 126 107 115 102 67 126 122 122 113 
0 83 83 0 83 65 83 83 83 83 83 83 83 83 58 83 83 83 83 83 77 83 83 83 83 67 83 83 83 97 
0 74 74 74 0 65 74 74 74 74 74 74 74 74 58 74 74 74 74 74 74 74 74 74 74 67 74 74 74 76 
0 64 64 64 64 0 64 64 64 64 64 64 64 64 58 64 64 64 64 64 64 64 64 64 64 64 64 64 64 64 
0 20 20 20 20 20 0 20 20 20 20 20 20 20 20 20 20 20 20 20 20 20 20 20 20 20 20 20 20 20 
0 20 20 20 20 20 20 0 20 20 20 20 20 20 20 20 20 20 20 20 20 20 20 20 20 20 20 20 20 27 
0 58 58 58 58 58 58 58 0 58 58 58 58 58 58 58 58 58 58 58 58 58 58 58 58 58 58 58 58 58 
0 42 42 42 42 42 42 42 42 0 42 42 42 42 42 42 42 42 42 42 42 42 42 42 42 42 42 42 42 42 
0 28 28 28 28 28 28 28 28 28 0 28 28 28 28 28 28 28 28 28 28 28 28 28 28 28 28 28 28 28 
0 120 88 120 133 65 112 136 120 120 106 0 87 110 58 142 90 142 117 132 77 130 107 115 102 67 142 122 122 113 
0 120 88 120 133 65 112 136 120 120 106 93 0 110 58 141 90 141 117 132 77 130 107 115 102 67 141 122 122 113 
0 57 57 57 57 57 57 57 57 57 57 57 57 0 57 57 57 57 57 57 57 57 57 57 57 57 57 57 57 57 
0 120 88 120 133 65 112 136 120 120 106 93 87 110 0 147 90 155 117 132 77 130 107 115 102 67 144 122 122 113 
0 54 54 54 54 54 54 54 54 54 55 54 54 54 54 0 54 54 54 54 54 54 54 54 54 54 54 54 54 54 
0 28 28 28 28 28 28 28 28 28 28 28 28 28 28 28 0 28 28 28 28 28 28 28 28 28 28 28 28 28 
0 119 88 119 119 65 112 119 119 119 106 93 87 110 58 119 90 0 117 119 77 119 107 115 102 67 119 119 119 113 
0 120 88 120 133 65 112 136 120 120 106 93 87 110 58 147 90 155 0 132 77 130 107 115 102 67 144 122 122 113 
0 114 88 114 114 65 112 114 114 114 106 93 87 110 58 114 90 114 114 0 77 114 107 114 102 67 114 114 114 113 
0 39 39 39 39 39 39 39 39 39 39 39 39 39 39 39 39 39 39 39 0 39 39 39 39 39 39 39 39 43 
0 52 52 52 52 52 52 52 52 52 52 52 52 52 52 52 52 52 52 52 52 0 52 52 52 52 52 52 52 71 
0 120 88 120 133 65 112 136 120 120 106 93 87 110 58 147 90 155 117 132 77 130 0 115 102 67 144 122 122 113 
0 120 88 120 133 65 112 136 120 120 106 93 87 110 58 147 90 155 117 132 77 130 107 0 102 67 144 122 122 113 
0 120 88 120 133 65 112 136 120 120 106 93 87 110 58 147 90 155 117 132 77 130 107 115 0 67 144 122 122 113 
0 120 88 120 133 65 112 136 120 120 106 93 87 110 58 147 90 155 117 132 77 130 107 115 102 0 144 122 122 113 
0 120 88 120 133 65 112 136 120 120 106 93 87 110 58 147 90 155 117 132 77 130 107 115 102 67 0 122 122 113 
0 120 88 120 133 65 112 136 120 120 106 93 87 110 58 147 90 155 117 132 77 130 107 115 102 67 144 0 122 113 
0 120 88 120 133 65 112 136 120 120 106 93 87 110 58 147 90 155 117 132 77 130 107 115 102 67 144 122 0 113 
0 0 0 0 0 0 0 0 0 0 0 0 0 0 0 0 0 0 0 0 0 0 0 0 0 0 0 0 0 0 
0