73 343 30 0
1 13 20
13 11 20
11 12 20
12 5 20
5 9 20
9 15 20
15 22 20
22 16 20
16 17 20
17 6 20
6 20 20
20 27 20
27 8 20
8 29 20
29 4 20
4 2 20
2 7 20
7 25 20
25 24 20
24 14 20
14 21 20
21 26 20
26 10 20
10 19 20
19 23 20
23 18 20
18 3 20
3 28 20
19 30 20
1 7 18
1 21 6
1 16 10
1 23 14
1 14 4
1 2 11
1 28 1
1 5 2
1 24 17
1 11 13
1 17 18
1 6 13
1 8 6
1 30 15
2 16 7
2 3 1
2 26 10
2 19 15
2 23 8
2 11 3
2 9 18
2 27 6
2 28 7
2 12 11
2 14 6
2 8 7
2 15 5
2 17 7
2 18 11
3 21 15
3 26 6
3 23 18
3 16 14
3 20 15
3 27 18
3 29 4
3 19 5
4 13 5
4 9 3
4 15 5
4 26 4
4 10 9
4 8 3
4 6 14
4 19 14
4 20 18
5 14 13
5 28 15
5 29 15
5 15 10
5 24 16
5 20 11
5 11 14
5 13 20
5 17 8
5 3 16
5 26 2
5 21 12
7 18 7
7 17 8
7 19 19
7 3 15
7 16 17
7 10 5
7 20 1
7 12 1
7 6 8
7 24 2
7 14 9
7 28 14
7 27 7
8 5 20
8 20 3
8 25 18
8 9 17
8 21 17
8 19 5
8 13 17
8 14 8
8 12 18
8 23 19
8 26 9
8 11 19
8 22 8
9 20 2
9 12 1
9 28 20
9 11 14
9 17 8
9 21 4
9 23 3
9 3 13
9 16 20
10 3 6
10 6 14
10 15 20
10 29 5
10 24 20
10 22 9
10 28 1
10 5 3
10 2 7
10 18 8
10 12 12
10 21 6
10 16 14
10 17 11
10 9 4
10 25 3
11 17 18
11 21 15
11 4 4
11 26 2
11 23 9
11 29 4
11 6 13
11 19 18
11 16 6
11 10 15
12 18 6
12 13 7
12 19 16
13 10 15
13 26 18
13 16 1
13 22 9
13 18 6
13 14 10
13 24 20
13 2 5
13 7 16
13 17 6
13 28 3
13 23 7
13 21 9
13 3 3
13 15 15
13 29 2
14 6 5
14 20 18
14 29 20
14 22 3
14 28 20
14 10 2
14 25 11
14 12 16
14 19 12
14 15 7
14 26 14
14 3 3
14 9 8
14 11 13
15 3 13
15 24 5
15 12 6
16 26 20
16 4 11
16 20 20
16 27 5
17 20 16
17 22 5
17 27 7
17 3 19
17 4 19
17 18 15
17 21 11
17 29 2
17 25 4
17 24 8
17 28 16
18 29 2
18 21 8
18 11 8
18 25 7
18 22 17
18 26 15
18 15 5
18 16 15
18 4 7
18 5 11
18 28 19
18 20 19
18 14 5
18 6 16
19 15 1
19 27 20
19 5 14
19 21 20
19 6 2
20 26 5
20 2 11
20 29 11
20 22 8
20 13 13
21 22 18
21 28 8
21 2 18
21 6 9
21 25 5
23 24 19
23 5 18
23 12 1
23 29 16
23 20 1
23 14 7
23 6 17
23 15 9
23 21 19
23 28 12
23 22 20
2 30 17
3 30 9
4 30 9
8 30 5
13 30 5
16 30 12
17 30 2
18 30 14
20 30 17
21 30 15
22 30 9
23 30 5
24 30 12
25 30 16
26 30 5
27 30 14
28 30 1
29 30 11
11 31 8
31 13 8
12 32 9
32 11 9
5 33 1
33 12 1
9 34 11
34 5 11
17 35 6
35 16 6
8 36 3
36 27 3
14 37 13
37 24 13
10 38 16
38 26 16
23 39 3
39 19 3
14 40 1
40 2 1
8 41 10
41 2 10
17 42 12
42 2 12
20 43 6
43 3 6
19 44 18
44 3 18
8 45 2
45 4 2
20 46 20
46 4 20
14 47 2
47 5 2
15 48 12
48 5 12
20 49 1
49 5 1
11 50 8
50 5 8
13 51 11
51 5 11
19 52 14
52 7 14
20 53 5
53 7 5
9 54 3
54 8 3
13 55 4
55 8 4
23 56 13
56 8 13
11 57 1
57 8 1
20 58 2
58 9 2
17 59 1
59 9 1
21 60 3
60 9 3
16 61 16
61 9 16
15 62 8
62 10 8
21 63 6
63 10 6
16 64 13
64 10 13
17 65 9
65 11 9
17 66 5
66 13 5
23 67 20
67 13 20
15 68 16
68 13 16
15 69 4
69 14 4
20 70 8
70 16 8
21 71 4
71 17 4
24 72 20
72 17 20
21 73 12
73 19 12
0 95 133 83 133 131 73 57 92 93 122 87 131 86 97 138 128 73 139 144 152 117 98 140 68 141 86 153 101 168 
0 0 133 83 131 118 55 51 92 93 109 87 111 82 97 128 110 73 135 135 135 117 84 123 68 135 86 142 101 153 
0 84 0 83 95 95 55 51 92 93 95 87 95 82 95 95 95 73 95 95 95 95 84 95 68 95 86 115 95 105 
0 84 95 0 95 95 55 51 92 93 95 87 95 82 95 95 95 73 95 95 95 95 84 95 68 95 86 95 95 104 
0 84 133 83 0 118 55 51 92 93 109 87 111 82 97 128 110 73 139 144 156 117 84 123 68 141 86 155 101 159 
0 20 20 20 20 0 20 20 20 20 20 20 20 20 20 20 20 20 20 20 20 20 20 20 20 20 20 20 20 20 
0 84 119 83 119 118 0 51 92 93 109 87 111 82 97 119 110 73 119 119 119 117 84 119 68 119 86 133 101 120 
0 84 133 83 131 118 55 0 92 93 109 87 111 82 97 128 110 73 139 144 156 117 84 123 68 141 86 155 101 198 
0 84 99 83 99 99 55 51 0 93 99 87 99 82 97 99 99 73 99 99 99 99 84 99 68 99 86 119 99 100 
0 84 133 83 131 118 55 51 92 0 109 87 111 82 97 128 110 73 139 144 156 117 84 123 68 141 86 155 101 168 
0 84 133 83 131 118 55 51 92 93 0 87 111 82 97 128 110 73 139 141 141 117 84 123 68 141 86 141 101 141 
0 58 58 58 58 58 55 51 58 58 58 0 58 58 58 58 58 58 58 58 58 58 58 58 58 58 58 58 58 58 
0 84 133 83 131 118 55 51 92 93 109 87 0 82 97 128 110 73 139 144 156 117 84 123 68 141 86 155 101 183 
0 84 133 83 131 118 55 51 92 93 109 87 111 0 97 128 110 73 139 144 156 117 84 123 68 141 86 155 101 169 
0 84 84 83 84 84 55 51 84 84 84 84 84 82 0 84 84 73 84 84 84 84 84 84 68 84 84 84 84 84 
0 84 105 83 105 105 55 51 92 93 105 87 105 82 97 0 105 73 105 105 105 105 84 105 68 105 86 105 101 117 
0 84 133 83 131 118 55 51 92 93 109 87 111 82 97 128 0 73 139 144 156 117 84 123 68 141 86 155 101 162 
0 84 133 83 131 118 55 51 92 93 109 87 111 82 97 128 110 0 139 144 155 117 84 123 68 141 86 155 101 170 
0 84 109 83 109 109 55 51 92 93 109 87 109 82 97 109 109 73 0 109 109 109 84 109 68 109 86 109 101 129 
0 84 110 83 110 110 55 51 92 93 109 87 110 82 97 110 110 73 110 0 110 110 84 110 68 110 86 110 101 127 
0 84 95 83 95 95 55 51 92 93 95 87 95 82 95 95 95 73 95 95 0 95 84 95 68 95 86 103 95 111 
0 20 20 20 20 20 20 20 20 20 20 20 20 20 20 20 20 20 20 20 20 0 20 20 20 20 20 20 20 29 
0 84 133 83 131 118 55 51 92 93 109 87 111 82 97 128 110 73 139 144 156 117 0 123 68 141 86 155 101 189 
0 40 40 40 40 40 40 40 40 40 40 40 40 40 40 40 40 40 40 40 40 40 40 0 40 40 40 40 40 52 
0 20 20 20 20 20 20 20 20 20 20 20 20 20 20 20 20 20 20 20 20 20 20 20 0 20 20 20 20 36 
0 20 20 20 20 20 20 20 20 20 20 20 20 20 20 20 20 20 20 20 20 20 20 20 20 0 20 20 20 25 
0 20 20 20 20 20 20 20 20 20 20 20 20 20 20 20 20 20 20 20 20 20 20 20 20 20 0 20 20 34 
0 0 0 0 0 0 0 0 0 0 0 0 0 0 0 0 0 0 0 0 0 0 0 0 0 0 0 0 0 1 
0 20 20 20 20 20 20 20 20 20 20 20 20 20 20 20 20 20 20 20 20 20 20 20 20 20 20 20 0 31 
0 0 0 0 0 0 0 0 0 0 0 0 0 0 0 0 0 0 0 0 0 0 0 0 0 0 0 0 0 0 
0