75 345 30 0
1 3 20
3 4 20
4 20 20
20 15 20
15 10 20
10 9 20
9 19 20
19 11 20
11 8 20
8 22 20
22 12 20
12 7 20
7 13 20
13 2 20
2 24 20
24 17 20
17 16 20
16 28 20
28 27 20
27 25 20
25 6 20
6 23 20
23 5 20
5 26 20
26 14 20
14 18 20
18 21 20
21 29 20
24 30 20
1 13 7
1 5 18
1 16 9
1 10 4
1 2 5
1 26 3
2 27 14
2 20 12
2 4 18
2 3 3
2 6 4
2 22 17
2 25 10
2 21 11
2 17 6
2 26 11
2 7 11
2 10 15
2 15 18
2 19 8
2 8 14
2 29 18
2 16 12
2 9 5
3 10 19
3 25 19
3 12 10
3 14 3
3 16 9
4 10 13
4 6 6
4 13 8
4 15 4
4 14 15
4 17 12
5 2 13
5 27 7
5 25 18
5 3 9
5 28 3
5 14 8
5 9 13
5 8 15
5 20 12
5 10 12
5 17 5
5 12 6
5 7 2
5 22 11
5 13 2
5 29 19
5 6 12
5 18 1
6 19 19
6 15 11
6 11 3
6 18 8
6 24 11
6 13 6
6 22 18
6 27 19
6 20 5
6 29 16
6 3 17
6 14 2
6 21 4
6 26 13
6 9 5
6 10 2
7 26 1
7 3 12
7 21 5
7 27 15
7 24 12
7 29 2
7 4 12
7 19 19
7 9 11
7 18 9
7 28 20
7 6 3
8 4 2
8 16 9
8 27 12
8 7 19
8 24 20
9 17 14
9 4 13
9 3 15
10 25 6
10 28 1
10 24 3
10 13 2
10 26 6
10 14 10
10 23 6
10 22 1
10 8 18
10 17 1
10 29 2
10 27 10
10 7 15
10 20 3
11 14 4
11 15 11
11 23 5
11 12 5
11 24 16
11 27 16
11 25 12
11 21 16
11 4 20
11 29 11
11 28 10
11 16 11
12 17 9
12 28 9
12 6 6
12 29 16
12 24 10
12 25 8
12 2 14
12 16 19
12 27 16
12 9 3
12 19 19
12 4 14
12 10 18
12 13 9
12 15 8
12 14 1
12 26 9
13 25 4
13 26 19
13 16 12
14 25 4
14 15 1
14 19 12
14 17 20
14 23 2
14 16 10
14 22 18
14 7 4
14 24 13
14 21 2
14 20 17
14 2 10
14 13 2
15 21 10
15 24 9
16 7 9
16 24 4
16 29 8
16 23 14
17 26 14
17 20 20
17 19 19
17 15 11
17 3 1
17 6 11
17 22 19
17 18 5
17 11 3
17 23 3
17 25 12
17 7 14
17 29 16
17 13 17
17 28 20
19 10 18
19 21 18
19 22 12
19 23 17
19 24 10
19 4 13
19 15 1
19 18 17
19 27 9
19 29 20
20 21 4
20 23 10
20 26 20
20 9 17
20 13 6
20 18 19
20 12 3
20 25 2
20 3 14
20 29 4
20 24 6
21 10 3
21 9 7
21 22 4
21 25 8
21 17 6
21 5 4
21 3 16
21 28 17
21 13 1
21 24 9
23 21 16
23 27 7
23 12 11
23 22 17
23 4 13
24 26 10
24 29 7
24 22 4
24 5 10
24 27 12
24 18 6
26 22 4
26 18 10
28 9 6
28 23 13
3 30 4
4 30 14
5 30 12
9 30 11
11 30 1
14 30 3
15 30 5
16 30 10
17 30 13
18 30 4
19 30 16
4 31 7
31 3 7
20 32 16
32 4 16
9 33 20
33 10 20
11 34 12
34 19 12
12 35 20
35 22 20
13 36 13
36 7 13
2 37 4
37 13 4
17 38 4
38 24 4
6 39 3
39 25 3
5 40 19
40 23 19
21 41 16
41 18 16
20 42 20
42 2 20
4 43 9
43 2 9
3 44 16
44 2 16
21 45 15
45 2 15
10 46 8
46 2 8
16 47 4
47 2 4
9 48 9
48 2 9
10 49 13
49 3 13
10 50 13
50 4 13
15 51 12
51 4 12
14 52 9
52 4 9
17 53 14
53 4 14
14 54 4
54 5 4
9 55 10
55 5 10
20 56 12
56 5 12
10 57 1
57 5 1
17 58 17
58 5 17
7 59 9
59 5 9
6 60 14
60 5 14
20 61 16
61 6 16
14 62 16
62 6 16
21 63 5
63 7 5
9 64 10
64 7 10
17 65 12
65 10 12
20 66 16
66 10 16
12 67 20
67 11 20
16 68 16
68 14 16
21 69 7
69 14 7
20 70 13
70 14 13
23 71 19
71 16 19
25 72 12
72 17 12
23 73 7
73 19 7
21 74 7
74 20 7
26 75 9
75 24 9
0 66 66 66 66 66 66 66 66 66 46 55 66 66 66 66 66 66 66 66 66 66 66 66 66 66 66 66 66 66 
0 0 107 189 101 94 122 67 87 168 46 55 77 99 85 121 105 111 135 96 106 165 109 156 126 123 157 100 159 113 
0 96 0 96 96 94 96 67 87 96 46 55 77 96 85 96 96 96 96 96 96 96 96 96 96 96 96 96 96 100 
0 94 94 0 94 94 94 67 87 94 46 55 77 94 85 94 94 94 94 94 94 94 94 94 94 94 94 94 94 108 
0 138 107 188 0 94 122 67 87 168 46 55 77 99 85 121 105 111 135 96 106 165 109 156 126 123 157 100 159 113 
0 138 107 170 101 0 122 67 87 168 46 55 77 99 85 121 105 111 135 96 106 165 109 156 126 123 157 100 159 113 
0 138 107 148 101 94 0 67 87 148 46 55 77 99 85 121 105 111 135 96 106 148 109 148 126 123 148 100 150 113 
0 82 82 82 82 82 82 0 82 82 46 55 77 82 82 82 82 82 82 82 82 82 82 82 82 82 82 82 82 82 
0 111 107 111 101 94 111 67 0 111 46 55 77 99 85 111 105 111 111 96 106 111 109 111 111 111 111 100 111 113 
0 137 107 137 101 94 122 67 87 0 46 55 77 99 85 121 105 111 135 96 106 137 109 137 126 123 137 100 139 113 
0 138 107 158 101 94 122 67 87 158 0 55 77 99 85 121 105 111 135 96 106 158 109 156 126 123 157 100 159 113 
0 138 107 189 101 94 122 67 87 168 46 0 77 99 85 121 105 111 135 96 106 165 109 156 126 123 157 100 159 113 
0 68 68 68 68 68 68 67 68 68 46 55 0 68 68 68 68 68 68 68 68 68 68 68 68 68 68 68 68 68 
0 138 107 164 101 94 122 67 87 164 46 55 77 0 85 121 105 111 135 96 106 164 109 156 126 123 157 100 159 113 
0 51 51 51 51 51 51 51 51 51 46 51 51 51 0 51 51 51 51 51 51 51 51 51 51 51 51 51 51 56 
0 67 67 67 67 67 67 67 67 67 46 55 67 67 67 0 67 67 67 67 67 67 67 67 67 67 67 67 75 77 
0 138 107 189 101 94 122 67 87 168 46 55 77 99 85 121 0 111 135 96 106 165 109 156 126 123 157 100 159 113 
0 20 20 20 20 20 20 20 20 20 20 20 20 20 20 20 20 0 20 20 20 20 20 20 20 20 20 20 20 24 
0 135 107 135 101 94 122 67 87 135 46 55 77 99 85 121 105 111 0 96 106 135 109 135 126 123 135 100 155 113 
0 138 107 189 101 94 122 67 87 168 46 55 77 99 85 121 105 111 135 0 106 165 109 156 126 123 157 100 159 113 
0 109 107 109 101 94 109 67 87 109 46 55 77 99 85 109 105 111 109 96 0 109 109 109 109 109 109 100 129 113 
0 20 20 20 20 20 20 20 20 20 20 20 20 20 20 20 20 20 20 20 20 0 20 20 20 20 20 20 20 20 
0 110 107 110 101 94 110 67 87 110 46 55 77 99 85 110 105 110 110 96 106 110 0 110 110 110 110 100 110 110 
0 62 62 62 62 62 62 62 62 62 46 55 62 62 62 62 62 62 62 62 62 62 62 0 62 62 62 62 69 82 
0 32 32 32 32 32 32 32 32 32 32 32 32 32 32 32 32 32 32 32 32 32 32 32 0 32 32 32 32 32 
0 43 43 43 43 43 43 43 43 43 43 43 43 43 43 43 43 43 43 43 43 43 43 43 43 0 43 43 43 43 
0 20 20 20 20 20 20 20 20 20 20 20 20 20 20 20 20 20 20 20 20 20 20 20 20 20 0 20 20 20 
0 39 39 39 39 39 39 39 39 39 39 39 39 39 39 39 39 39 39 39 39 39 39 39 39 39 39 0 39 39 
0 0 0 0 0 0 0 0 0 0 0 0 0 0 0 0 0 0 0 0 0 0 0 0 0 0 0 0 0 0 
0 0 0 0 0 0 0 0 0 0 0 0 0 0 0 0 0 0 0 0 0 0 0 0 0 0 0 0 0 0 
0