83 353 30 0
1 18 20
18 26 20
26 15 20
15 3 20
3 14 20
14 28 20
28 11 20
11 7 20
7 22 20
22 9 20
9 2 20
2 23 20
23 13 20
13 25 20
25 16 20
16 17 20
17 21 20
21 29 20
29 24 20
24 10 20
10 4 20
4 12 20
12 6 20
6 5 20
5 8 20
8 19 20
19 20 20
20 27 20
18 30 20
1 23 8
1 13 18
1 21 20
1 29 6
1 15 20
1 6 14
1 17 9
1 27 19
1 22 18
1 4 8
1 3 15
1 10 5
1 11 11
1 25 20
1 26 16
1 16 14
1 24 7
1 19 8
2 15 16
2 10 13
2 3 1
2 19 20
2 11 10
3 19 15
3 11 7
4 22 11
4 28 18
4 29 13
4 20 5
4 8 1
4 11 9
4 13 11
4 2 7
4 19 20
4 25 18
4 6 11
4 14 5
4 5 10
4 3 18
4 23 20
4 17 17
5 21 1
5 27 3
5 17 3
5 11 7
5 10 2
5 9 6
6 23 12
6 19 9
6 26 2
6 16 8
6 2 9
6 24 13
6 29 7
6 13 8
6 25 6
6 21 8
6 14 14
6 9 3
6 22 12
6 10 15
7 13 16
7 8 20
7 17 3
8 15 9
8 23 16
8 24 8
8 20 14
8 13 19
8 14 10
8 25 18
8 11 4
8 2 20
8 6 16
8 21 7
8 10 2
8 18 2
8 12 8
8 26 3
8 9 3
9 23 2
9 28 2
9 27 10
9 25 3
9 20 2
9 18 19
9 4 20
10 9 10
10 18 1
10 17 10
10 25 7
10 19 3
10 27 12
10 20 6
10 28 16
10 15 14
11 21 8
12 9 20
12 18 19
12 14 15
13 17 11
13 21 12
13 29 13
13 12 5
13 24 9
13 28 14
13 27 10
13 14 1
15 24 6
15 5 1
15 12 14
15 4 3
15 11 5
15 7 3
15 19 2
15 29 19
15 21 1
15 16 3
16 10 4
16 24 17
16 28 19
16 13 16
16 4 11
17 8 15
18 6 4
18 20 1
18 28 13
18 29 9
18 3 11
18 13 2
18 23 19
19 29 3
19 28 15
19 26 11
19 25 7
21 19 16
21 7 1
21 10 14
21 14 20
21 26 5
21 28 16
21 3 15
21 22 18
21 4 4
22 5 11
23 14 1
23 25 18
24 11 14
24 9 16
24 19 19
24 5 3
24 28 9
24 14 13
24 21 8
24 22 8
24 20 20
24 18 19
24 3 15
24 27 13
25 29 8
25 5 17
25 26 9
25 3 16
25 22 12
25 17 10
25 20 16
25 18 4
25 7 4
25 27 19
25 24 7
25 2 8
26 7 14
27 8 20
27 16 15
27 28 15
27 11 19
27 29 15
27 3 9
27 6 14
27 15 4
27 7 8
27 2 8
27 17 12
27 4 20
27 14 16
28 8 10
28 25 12
28 15 6
28 5 19
28 2 17
28 3 9
28 6 2
28 20 13
28 12 1
29 11 7
29 12 12
29 7 8
29 22 1
29 16 19
29 3 12
29 28 12
2 30 8
4 30 5
5 30 7
6 30 16
7 30 11
10 30 8
12 30 5
13 30 17
15 30 11
16 30 6
19 30 5
21 30 8
23 30 15
24 30 6
25 30 8
28 30 13
29 30 7
15 31 7
31 26 7
28 32 15
32 14 15
2 33 15
33 9 15
13 34 13
34 23 13
25 35 14
35 13 14
21 36 11
36 17 11
29 37 19
37 21 19
24 38 7
38 29 7
10 39 15
39 24 15
4 40 6
40 10 6
27 41 11
41 20 11
15 42 15
42 2 15
10 43 13
43 2 13
19 44 10
44 2 10
19 45 5
45 3 5
29 46 11
46 4 11
8 47 18
47 4 18
25 48 20
48 4 20
6 49 5
49 4 5
21 50 1
50 5 1
10 51 10
51 5 10
19 52 13
52 6 13
16 53 13
53 6 13
29 54 2
54 6 2
25 55 14
55 6 14
21 56 9
56 6 9
10 57 9
57 6 9
15 58 16
58 8 16
25 59 8
59 8 8
21 60 6
60 8 6
10 61 8
61 8 8
18 62 3
62 8 3
28 63 2
63 9 2
27 64 4
64 9 4
18 65 2
65 10 2
27 66 5
66 10 5
28 67 15
67 10 15
29 68 17
68 13 17
24 69 14
69 13 14
28 70 6
70 13 6
24 71 4
71 15 4
21 72 12
72 15 12
16 73 13
73 15 13
28 74 17
74 18 17
23 75 20
75 18 20
29 76 7
76 19 7
28 77 19
77 21 19
25 78 10
78 23 10
28 79 20
79 24 20
27 80 2
80 24 2
29 81 5
81 25 5
27 82 2
82 25 2
29 83 17
83 27 17
0 127 146 140 92 141 58 127 99 103 113 60 161 130 118 79 106 121 139 108 123 100 120 124 136 73 123 169 120 176 
0 0 95 95 92 95 58 95 95 95 95 60 95 95 95 65 95 95 95 95 95 82 95 95 95 57 95 95 95 103 
0 42 0 42 42 42 42 42 42 42 42 42 42 42 42 42 42 42 42 42 42 42 42 42 42 42 42 42 42 42 
0 127 131 0 92 127 58 127 99 98 102 60 143 130 98 65 97 101 131 108 103 82 112 117 116 57 104 169 114 176 
0 42 42 42 0 42 42 42 42 42 42 42 42 42 42 42 42 42 42 42 42 42 42 42 42 42 42 42 42 49 
0 127 131 132 92 0 58 127 99 98 102 60 143 130 98 65 97 101 131 108 103 82 112 117 116 57 104 151 114 167 
0 59 59 59 59 59 0 59 59 59 59 59 59 59 59 59 59 59 59 59 59 59 59 59 59 57 59 59 59 70 
0 127 131 132 92 127 58 0 99 98 102 60 143 130 98 65 97 101 131 108 103 82 112 117 116 57 104 169 114 176 
0 78 78 78 78 78 58 78 0 78 78 60 78 78 78 65 78 78 78 78 78 78 78 78 78 57 78 78 78 78 
0 127 131 132 92 127 58 127 99 0 102 60 143 130 98 65 97 101 131 108 103 82 112 117 116 57 104 154 114 162 
0 28 28 28 28 28 28 28 28 28 0 28 28 28 28 28 28 28 28 28 28 28 28 28 28 28 28 28 28 28 
0 74 74 74 74 74 58 74 74 74 74 0 74 74 74 65 74 74 74 74 74 74 74 74 74 57 74 74 74 79 
0 108 108 108 92 108 58 108 99 98 102 60 0 108 98 65 97 101 108 108 103 82 108 108 108 57 104 108 108 125 
0 20 20 20 20 20 20 20 20 20 20 20 20 0 20 20 20 20 20 20 20 20 20 20 20 20 20 20 20 20 
0 115 115 115 92 115 58 115 99 98 102 60 115 115 0 65 97 101 115 108 103 82 112 115 115 57 104 115 114 126 
0 113 113 113 92 113 58 113 99 98 102 60 113 113 98 0 97 101 113 108 103 82 112 113 113 57 104 113 113 119 
0 35 35 35 35 35 35 35 35 35 35 35 35 35 35 35 0 35 35 35 35 35 35 35 35 35 35 35 35 35 
0 84 84 84 84 84 58 84 84 84 84 60 84 84 84 65 84 0 84 84 84 82 84 84 84 57 84 84 84 104 
0 84 84 84 84 84 58 84 84 84 84 60 84 84 84 65 84 84 0 84 84 82 84 84 84 57 84 84 84 89 
0 20 20 20 20 20 20 20 20 20 20 20 20 20 20 20 20 20 20 0 20 20 20 20 20 20 20 20 20 20 
0 127 131 132 92 127 58 127 99 98 102 60 143 130 98 65 97 101 131 108 0 82 112 117 116 57 104 168 114 176 
0 31 31 31 31 31 31 31 31 31 31 31 31 31 31 31 31 31 31 31 31 0 31 31 31 31 31 31 31 31 
0 59 59 59 59 59 58 59 59 59 59 59 59 59 59 59 59 59 59 59 59 59 0 59 59 57 59 59 59 74 
0 127 131 132 92 127 58 127 99 98 102 60 143 130 98 65 97 101 131 108 103 82 112 0 116 57 104 169 114 176 
0 127 131 132 92 127 58 127 99 98 102 60 143 130 98 65 97 101 131 108 103 82 112 117 0 57 104 169 114 176 
0 34 34 34 34 34 34 34 34 34 34 34 34 34 34 34 34 34 34 34 34 34 34 34 34 0 34 34 34 34 
0 127 131 132 92 127 58 127 99 98 102 60 143 130 98 65 97 101 131 108 103 82 112 117 116 57 0 169 114 176 
0 127 131 132 92 127 58 127 99 98 102 60 143 130 98 65 97 101 131 108 103 82 112 117 116 57 104 0 114 176 
0 127 131 132 92 127 58 127 99 98 102 60 143 130 98 65 97 101 131 108 103 82 112 117 116 57 104 169 0 176 
0 0 0 0 0 0 0 0 0 0 0 0 0 0 0 0 0 0 0 0 0 0 0 0 0 0 0 0 0 0 
0