77 347 30 0
1 8 20
8 6 20
6 20 20
20 23 20
23 9 20
9 29 20
29 27 20
27 22 20
22 5 20
5 14 20
14 7 20
7 2 20
2 12 20
12 19 20
19 13 20
13 26 20
26 3 20
3 28 20
28 11 20
11 16 20
16 15 20
15 24 20
24 25 20
25 21 20
21 10 20
10 17 20
17 18 20
18 4 20
26 30 20
1 27 12
1 3 5
1 14 16
1 23 20
1 19 10
1 5 12
1 26 12
1 7 6
1 17 17
1 21 18
1 18 3
1 24 1
1 10 3
1 22 10
2 8 13
2 19 8
2 3 7
2 14 11
2 26 9
3 29 13
3 4 20
3 9 1
3 24 15
3 16 6
3 10 19
3 23 1
3 25 3
3 19 12
5 25 13
5 12 12
5 10 3
5 3 9
5 17 8
5 18 13
5 19 4
5 28 5
5 7 16
5 23 12
5 6 13
5 26 10
5 13 6
5 8 4
5 9 8
6 29 3
6 14 7
6 23 17
6 27 4
6 21 15
6 15 20
6 22 13
6 7 18
6 10 11
6 12 17
6 19 4
6 18 14
6 24 6
7 18 4
7 8 19
7 10 10
7 27 6
7 4 8
7 23 2
7 21 8
7 28 10
7 19 12
7 13 18
7 26 16
7 12 7
7 9 1
7 24 16
8 21 1
8 26 4
8 14 15
8 25 14
8 17 18
9 11 11
9 15 16
9 10 12
9 8 13
9 21 9
9 24 19
10 14 12
10 29 3
10 19 8
11 5 12
11 3 19
11 6 16
11 18 6
11 29 5
11 25 2
11 12 4
11 21 20
12 20 1
12 28 19
12 10 3
12 16 7
12 8 5
12 15 7
12 17 3
12 13 5
12 22 7
12 4 18
12 24 8
12 3 5
12 9 13
13 28 11
13 17 18
13 18 1
13 3 20
13 24 11
14 21 18
14 22 8
14 12 14
14 17 10
14 18 19
14 29 10
14 25 2
14 16 8
15 22 13
15 13 1
15 8 4
15 3 11
15 17 16
15 20 9
15 29 3
15 28 17
16 19 13
16 7 7
16 8 16
16 9 6
16 13 3
16 18 14
16 10 2
16 17 6
17 20 7
17 25 2
17 4 6
17 27 4
17 2 8
17 23 1
17 24 1
17 26 5
18 21 9
18 9 6
18 12 11
18 23 20
18 22 7
18 20 2
18 29 9
19 24 4
19 22 14
19 20 6
19 28 4
19 21 5
19 8 2
19 23 17
19 9 13
20 5 20
20 11 5
20 4 8
20 10 18
20 16 20
20 24 1
20 14 13
20 26 14
20 9 2
21 4 19
21 24 14
21 26 6
22 4 17
23 11 17
23 2 1
23 4 6
23 21 15
23 13 2
23 14 11
25 20 10
25 19 19
26 10 12
26 6 7
26 14 8
26 25 6
26 29 4
26 11 13
26 24 3
26 4 8
26 22 2
26 15 4
27 12 2
27 13 12
27 25 9
27 11 1
27 21 8
27 5 13
27 14 7
27 18 1
27 15 18
27 3 10
27 4 2
27 16 3
27 28 12
27 20 11
27 26 9
28 25 18
28 16 11
28 20 13
28 24 2
28 8 14
29 20 17
29 25 20
29 19 12
29 17 1
29 5 15
3 30 7
9 30 16
11 30 13
15 30 8
20 30 18
21 30 14
22 30 3
23 30 5
27 30 3
28 30 17
29 30 2
29 31 7
31 9 7
27 32 20
32 29 20
7 33 18
33 14 18
19 34 8
34 12 8
26 35 9
35 13 9
3 36 18
36 26 18
17 37 2
37 10 2
18 38 10
38 17 10
19 39 14
39 2 14
3 40 20
40 2 20
26 41 5
41 2 5
9 42 15
42 3 15
12 43 11
43 5 11
18 44 9
44 5 9
19 45 13
45 5 13
7 46 11
46 5 11
26 47 4
47 5 4
14 48 3
48 6 3
23 49 7
49 6 7
27 50 20
50 6 20
7 51 16
51 6 16
12 52 9
52 6 9
10 53 11
53 7 11
23 54 5
54 7 5
19 55 13
55 7 13
13 56 20
56 7 20
26 57 14
57 7 14
12 58 6
58 7 6
11 59 20
59 9 20
15 60 18
60 9 18
21 61 1
61 9 1
19 62 6
62 10 6
12 63 16
63 11 16
20 64 16
64 12 16
28 65 12
65 12 12
15 66 4
66 12 4
28 67 18
67 13 18
17 68 2
68 13 2
18 69 6
69 13 6
18 70 1
70 14 1
20 71 16
71 15 16
20 72 11
72 17 11
27 73 7
73 17 7
23 74 19
74 17 19
20 75 2
75 18 2
23 76 5
76 19 5
28 77 12
77 27 12
0 68 121 132 140 111 136 110 116 121 83 127 102 139 101 75 164 97 127 96 146 94 110 121 109 123 58 98 90 126 
0 0 68 68 68 68 68 68 68 68 68 68 68 68 68 68 68 68 68 68 68 68 68 68 68 68 46 68 68 68 
0 68 0 132 128 111 128 90 116 118 83 127 102 123 101 75 128 94 117 96 128 84 90 120 109 111 46 98 90 126 
0 0 0 0 0 0 0 0 0 0 0 0 0 0 0 0 0 0 0 0 0 0 0 0 0 0 0 0 0 0 
0 68 116 132 0 111 130 90 116 118 83 127 102 123 101 75 147 94 117 96 128 84 90 120 109 111 46 98 90 126 
0 68 116 132 128 0 130 90 116 118 83 127 102 123 101 75 147 94 117 96 128 84 90 120 109 111 46 98 90 126 
0 68 116 132 128 111 0 90 116 118 83 127 102 123 101 75 147 94 117 96 128 84 90 120 109 111 46 98 90 126 
0 68 72 72 72 72 72 0 72 72 72 72 72 72 72 72 72 72 72 72 72 72 72 72 72 72 46 72 72 72 
0 68 115 115 115 111 115 90 0 115 83 115 102 115 101 75 115 94 115 96 115 84 90 115 109 111 46 98 90 126 
0 54 54 54 54 54 54 54 54 0 54 54 54 54 54 54 54 54 54 54 54 54 54 54 54 54 46 54 54 54 
0 68 116 124 124 111 124 90 116 118 0 124 102 123 101 75 124 94 117 96 124 84 90 120 109 111 46 98 90 126 
0 68 116 132 128 111 130 90 116 118 83 0 102 123 101 75 145 94 117 96 128 84 90 120 109 111 46 98 90 126 
0 68 101 101 101 101 101 90 101 101 83 101 0 101 101 75 101 94 101 96 101 84 90 101 101 101 46 98 90 101 
0 68 112 112 112 111 112 90 112 112 83 112 102 0 101 75 112 94 112 96 112 84 90 112 109 111 46 98 90 112 
0 68 116 116 116 111 116 90 116 116 83 116 102 116 0 75 116 94 116 96 116 84 90 116 109 111 46 98 90 124 
0 68 87 87 87 87 87 87 87 87 83 87 87 87 87 0 87 87 87 87 87 84 87 87 87 87 46 87 87 87 
0 52 52 58 52 52 52 52 52 52 52 52 52 52 52 52 0 52 52 52 52 52 52 52 52 52 46 52 52 52 
0 68 90 110 90 90 90 90 90 90 83 90 90 90 90 75 90 0 90 90 90 84 90 90 90 90 46 90 90 90 
0 68 116 132 128 111 130 90 116 118 83 127 102 123 101 75 139 94 0 96 128 84 90 120 109 111 46 98 90 126 
0 68 116 132 128 111 130 90 116 118 83 127 102 123 101 75 147 94 117 0 128 84 90 120 109 111 46 98 90 126 
0 41 41 60 41 41 41 41 41 41 41 41 41 41 41 41 41 41 41 41 0 41 41 41 41 41 41 41 41 55 
0 20 20 37 20 20 20 20 20 20 20 20 20 20 20 20 20 20 20 20 20 0 20 20 20 20 20 20 20 23 
0 68 102 108 102 102 102 90 102 102 83 102 102 102 101 75 102 94 102 96 102 84 0 102 102 102 46 98 90 107 
0 20 20 20 20 20 20 20 20 20 20 20 20 20 20 20 20 20 20 20 20 20 20 0 20 20 20 20 20 20 
0 49 49 49 49 49 49 49 49 49 49 49 49 49 49 49 49 49 49 49 49 49 49 49 0 49 46 49 49 49 
0 68 111 119 111 111 111 90 111 111 83 111 102 111 101 75 111 94 111 96 111 84 90 111 109 0 46 98 90 126 
0 68 116 132 128 111 130 90 116 118 83 127 102 123 101 75 147 94 117 96 128 84 90 120 109 111 0 98 90 126 
0 68 116 120 120 111 120 90 116 118 83 120 102 120 101 75 120 94 117 96 120 84 90 120 109 111 46 0 90 126 
0 68 92 92 92 92 92 90 92 92 83 92 92 92 92 75 92 92 92 92 92 84 90 92 92 92 46 92 0 94 
0 0 0 0 0 0 0 0 0 0 0 0 0 0 0 0 0 0 0 0 0 0 0 0 0 0 0 0 0 0 
0