85 355 30 0
1 23 20
23 28 20
28 17 20
17 12 20
12 27 20
27 10 20
10 5 20
5 16 20
16 11 20
11 15 20
15 13 20
13 25 20
25 3 20
3 8 20
8 29 20
29 2 20
2 24 20
24 19 20
19 21 20
21 22 20
22 18 20
18 7 20
7 6 20
6 26 20
26 20 20
20 4 20
4 9 20
9 14 20
13 30 20
1 14 1
1 22 12
1 21 2
1 20 13
1 3 6
1 24 8
1 13 13
1 17 10
2 18 14
2 28 20
2 27 2
2 16 6
2 8 5
2 4 1
2 22 16
2 19 3
3 4 13
3 19 20
3 11 9
3 9 12
3 10 18
3 14 3
3 27 9
3 22 14
4 6 14
4 5 10
4 25 18
4 8 4
4 10 16
4 12 16
5 29 4
5 9 6
5 18 1
6 14 16
6 17 6
7 10 1
7 23 12
7 22 5
7 12 11
7 24 5
8 21 4
8 22 1
8 27 10
8 5 9
8 9 15
8 19 1
8 7 1
8 14 12
8 26 12
9 12 2
9 18 7
9 22 18
9 27 3
9 26 9
9 19 13
9 29 9
9 28 2
9 15 18
9 23 5
10 12 5
10 9 18
10 2 11
10 28 19
11 28 12
11 22 10
11 9 7
11 21 14
11 20 3
11 5 20
11 18 19
11 29 15
11 6 5
11 12 9
11 14 1
11 27 9
11 26 14
11 24 5
11 17 14
11 23 9
11 25 9
11 7 8
12 28 10
12 23 9
12 5 7
12 26 18
12 25 5
12 21 12
12 13 1
12 22 11
12 2 4
12 8 12
12 15 13
12 18 18
13 19 7
13 10 17
13 23 7
13 11 13
13 24 19
13 28 17
13 3 15
14 21 20
15 28 3
15 8 3
15 21 9
15 7 5
15 16 8
15 20 13
15 5 10
15 23 12
16 18 15
16 7 10
17 18 15
18 21 10
18 25 18
18 8 12
18 26 9
18 3 13
18 10 2
18 20 12
18 19 8
18 6 8
18 15 15
19 4 9
19 5 10
19 28 12
19 27 10
19 7 20
19 12 9
19 10 16
19 17 2
19 22 20
20 7 1
20 8 8
20 29 13
20 13 17
20 2 9
20 19 13
20 21 5
20 14 19
20 3 8
20 22 8
20 24 18
20 12 7
22 14 2
23 4 10
23 14 17
23 24 3
23 25 17
23 17 12
23 21 15
23 8 3
23 18 9
23 29 12
23 22 8
23 20 17
24 12 8
24 18 10
24 9 18
24 25 15
24 16 13
24 27 7
24 14 14
24 26 17
25 20 17
25 27 15
25 9 7
25 14 20
25 8 20
25 16 8
25 29 7
25 28 19
25 26 3
25 21 2
25 15 19
25 19 4
25 6 16
25 10 9
26 2 17
26 22 6
26 21 9
26 23 19
26 29 10
26 4 17
26 7 19
26 16 19
26 14 13
26 10 19
27 13 6
27 6 1
27 7 13
27 28 20
27 23 9
27 16 15
27 20 3
27 22 8
28 4 8
28 6 6
28 20 1
28 5 10
29 12 13
29 3 2
29 22 8
29 7 12
29 10 6
29 24 5
29 17 13
29 19 8
29 4 13
29 28 15
29 14 14
29 15 20
2 30 2
4 30 20
8 30 6
15 30 10
16 30 14
28 31 19
31 23 19
12 32 6
32 17 6
13 33 17
33 15 17
25 34 4
34 13 4
24 35 16
35 2 16
21 36 20
36 19 20
22 37 6
37 21 6
7 38 16
38 18 16
8 39 14
39 2 14
4 40 2
40 3 2
11 41 3
41 3 3
9 42 15
42 3 15
12 43 7
43 4 7
29 44 2
44 5 2
18 45 8
45 5 8
10 46 3
46 7 3
12 47 18
47 7 18
24 48 14
48 7 14
19 49 1
49 8 1
26 50 9
50 8 9
12 51 4
51 9 4
26 52 9
52 9 9
19 53 17
53 9 17
23 54 17
54 9 17
12 55 14
55 10 14
28 56 19
56 11 19
21 57 1
57 11 1
20 58 9
58 11 9
29 59 6
59 11 6
12 60 2
60 11 2
27 61 14
61 11 14
26 62 12
62 11 12
23 63 7
63 11 7
25 64 3
64 11 3
23 65 19
65 12 19
15 66 6
66 12 6
18 67 18
67 12 18
23 68 6
68 13 6
24 69 4
69 13 4
21 70 14
70 14 14
21 71 12
71 15 12
16 72 2
72 15 2
23 73 12
73 15 12
18 74 11
74 16 11
18 75 3
75 17 3
25 76 10
76 18 10
26 77 1
77 18 1
20 78 14
78 18 14
29 79 13
79 20 13
21 80 6
80 20 6
24 81 19
81 23 19
25 82 5
82 23 5
29 83 16
83 23 16
25 84 13
84 24 13
29 85 7
85 26 7
0 85 84 85 85 70 85 85 85 85 85 85 71 85 85 85 85 85 85 85 85 85 85 85 85 85 85 85 85 72 
0 0 78 87 87 70 87 87 87 87 87 87 58 87 87 87 76 87 87 87 87 87 87 87 87 87 85 87 87 72 
0 91 0 98 106 70 118 97 118 118 115 118 58 118 118 100 76 118 117 105 118 118 118 88 102 109 85 118 90 72 
0 91 78 0 100 70 100 97 100 100 100 100 58 100 100 100 76 100 100 100 100 100 100 88 100 100 85 100 90 72 
0 31 31 31 0 31 31 31 31 31 31 31 31 31 31 31 31 31 31 31 31 31 31 31 31 31 31 31 31 31 
0 42 42 42 42 0 42 42 42 42 42 42 42 42 42 42 42 42 42 42 42 42 42 42 42 42 42 42 42 42 
0 70 70 70 70 70 0 70 70 70 70 70 58 70 70 70 70 70 70 70 70 70 70 70 70 70 70 70 70 70 
0 91 78 98 99 70 99 0 99 99 99 99 58 99 99 99 76 99 99 99 99 99 99 88 99 99 85 99 90 72 
0 91 78 98 106 70 121 97 0 121 115 121 58 121 121 100 76 121 117 105 121 121 121 88 102 109 85 121 90 72 
0 76 76 76 76 70 76 76 76 0 76 76 58 76 76 76 76 76 76 76 76 76 76 76 76 76 76 76 76 72 
0 91 78 98 106 70 144 97 150 138 0 143 58 165 148 100 76 169 117 105 126 153 141 88 102 109 85 169 90 72 
0 91 78 98 106 70 144 97 150 138 115 0 58 165 148 100 76 169 117 105 126 153 141 88 102 109 85 169 90 72 
0 91 78 98 106 70 132 97 132 132 115 132 0 132 132 100 76 132 117 105 126 132 132 88 102 109 85 132 90 72 
0 20 20 20 20 20 20 20 20 20 20 20 20 0 20 20 20 20 20 20 20 20 20 20 20 20 20 20 20 20 
0 89 78 89 89 70 89 89 89 89 89 89 58 89 0 89 76 89 89 89 89 89 89 88 89 89 85 89 89 72 
0 47 47 47 47 47 47 47 47 47 47 47 47 47 47 0 47 47 47 47 47 47 47 47 47 47 47 47 47 61 
0 35 35 35 35 35 35 35 35 35 35 35 35 35 35 35 0 35 35 35 35 35 35 35 35 35 35 35 35 35 
0 91 78 98 106 70 144 97 150 138 115 143 58 165 148 100 76 0 117 105 126 153 141 88 102 109 85 167 90 72 
0 91 78 98 106 70 144 97 145 138 115 143 58 146 145 100 76 145 0 105 126 146 141 88 102 109 85 145 90 72 
0 91 78 98 106 70 144 97 150 138 115 143 58 165 148 100 76 169 117 0 126 153 141 88 102 109 85 169 90 72 
0 59 59 59 59 59 59 59 59 59 59 59 58 73 59 59 59 59 59 59 0 59 59 59 59 59 59 59 59 59 
0 28 28 28 28 28 28 28 28 28 28 28 28 28 28 28 28 28 28 28 28 0 28 28 28 28 28 28 28 28 
0 91 78 98 106 70 144 97 150 138 115 143 58 165 148 100 76 169 117 105 126 153 0 88 102 109 85 169 90 72 
0 91 78 98 106 70 144 97 150 138 115 143 58 165 148 100 76 169 117 105 126 153 141 0 102 109 85 169 90 72 
0 91 78 98 106 70 144 97 150 138 115 143 58 165 148 100 76 169 117 105 126 153 141 88 0 109 85 169 90 72 
0 91 78 98 106 70 144 97 150 138 115 143 58 165 148 100 76 169 117 105 126 153 141 88 102 0 85 169 90 72 
0 91 78 98 106 70 109 97 109 109 109 109 58 109 109 100 76 109 109 105 109 109 109 88 102 109 0 109 90 72 
0 83 78 83 83 70 83 83 83 83 83 83 58 83 83 83 76 83 83 83 83 83 83 83 83 83 83 0 83 72 
0 91 78 98 106 70 144 97 150 138 115 143 58 165 148 100 76 169 117 105 126 153 141 88 102 109 85 169 0 72 
0 0 0 0 0 0 0 0 0 0 0 0 0 0 0 0 0 0 0 0 0 0 0 0 0 0 0 0 0 0 
0