85 355 30 0
1 16 20
16 29 20
29 4 20
4 2 20
2 17 20
17 14 20
14 11 20
11 24 20
24 28 20
28 5 20
5 20 20
20 10 20
10 13 20
13 21 20
21 26 20
26 23 20
23 7 20
7 25 20
25 9 20
9 15 20
15 27 20
27 18 20
18 22 20
22 3 20
3 19 20
19 12 20
12 8 20
8 6 20
16 30 20
1 23 4
1 10 5
1 2 13
1 5 19
1 3 3
1 26 2
1 21 7
1 18 4
1 8 16
1 25 16
1 15 6
1 30 20
2 10 8
2 22 16
2 12 10
2 25 9
2 26 2
2 27 20
2 14 17
2 8 4
2 23 20
2 7 6
2 20 8
2 29 6
2 28 5
2 13 11
2 5 15
2 9 6
3 24 15
3 4 8
3 6 13
3 27 1
3 14 10
3 5 1
3 29 15
3 15 1
3 11 20
3 16 8
3 28 2
3 23 20
3 20 6
3 8 19
3 7 3
3 2 16
3 9 9
4 25 17
4 22 5
4 11 13
4 23 16
4 5 9
4 27 5
5 15 6
5 12 19
5 13 17
5 11 16
5 8 18
5 14 11
5 7 1
5 23 11
5 10 14
5 17 6
5 21 17
5 19 17
6 15 17
6 22 17
6 5 2
6 23 18
6 25 17
6 10 14
6 13 6
6 18 10
7 17 6
8 29 1
8 7 19
8 21 18
8 13 9
8 28 2
8 27 2
8 19 20
8 17 9
8 16 17
8 24 7
8 11 17
9 16 12
9 6 19
9 29 19
9 27 15
9 19 9
9 20 20
9 18 2
9 13 1
9 4 7
9 22 3
9 24 16
10 9 1
10 29 13
10 7 11
10 16 15
10 27 8
10 15 20
11 17 2
11 12 14
11 19 12
11 21 9
11 13 7
11 18 15
11 29 17
11 20 14
11 22 19
11 15 14
11 23 7
11 27 18
11 25 6
11 16 11
12 16 13
12 20 8
12 27 5
12 23 18
12 10 11
12 28 14
12 29 5
12 7 12
12 3 9
12 13 20
12 17 2
12 14 16
12 21 5
12 24 10
12 15 20
13 29 17
13 16 20
14 27 15
14 23 1
14 7 7
15 8 11
15 20 6
15 26 15
15 4 13
16 28 14
16 4 12
16 7 15
16 22 19
16 2 9
16 24 19
16 17 8
16 27 8
16 19 5
16 26 1
17 18 9
17 20 13
17 4 2
17 19 5
17 15 11
17 13 5
17 10 20
18 14 17
18 13 10
18 3 6
18 29 1
18 10 14
18 25 16
19 7 2
19 13 5
19 21 3
19 24 1
19 20 6
19 10 13
19 18 20
19 15 12
19 6 19
19 2 3
19 22 10
19 14 8
19 23 17
19 29 3
21 18 8
21 3 2
21 6 16
21 29 6
21 2 19
22 13 15
22 24 1
22 28 7
22 29 16
23 17 4
23 27 19
23 9 7
23 22 3
23 21 20
23 8 17
23 29 19
23 15 19
23 10 14
24 13 10
24 5 10
24 25 6
24 6 14
24 15 16
24 29 13
24 26 10
24 17 3
24 10 13
25 21 4
25 22 12
25 20 9
25 13 11
25 12 8
25 29 5
25 23 5
25 10 10
26 8 10
26 25 12
26 20 17
2 30 3
3 30 5
4 30 7
2 31 19
31 4 19
17 32 16
32 2 16
11 33 20
33 14 20
24 34 16
34 11 16
5 35 3
35 28 3
23 36 5
36 26 5
15 37 8
37 9 8
3 38 2
38 22 2
12 39 4
39 19 4
12 40 2
40 2 2
5 41 10
41 2 10
24 42 20
42 3 20
4 43 8
43 3 8
6 44 16
44 3 16
5 45 4
45 3 4
15 46 15
46 3 15
11 47 15
47 3 15
9 48 17
48 3 17
25 49 2
49 4 2
11 50 4
50 4 4
23 51 3
51 4 3
12 52 13
52 5 13
11 53 8
53 5 8
8 54 1
54 5 1
23 55 15
55 5 15
17 56 4
56 5 4
19 57 15
57 5 15
23 58 5
58 6 5
19 59 1
59 8 1
16 60 9
60 8 9
24 61 17
61 8 17
11 62 5
62 8 5
16 63 19
63 9 19
20 64 9
64 9 9
18 65 11
65 9 11
24 66 13
66 9 13
16 67 12
67 10 12
17 68 17
68 11 17
12 69 12
69 11 12
19 70 19
70 11 19
22 71 11
71 11 11
23 72 5
72 11 5
16 73 8
73 11 8
16 74 1
74 12 1
24 75 19
75 12 19
23 76 12
76 14 12
24 77 12
77 16 12
17 78 2
78 16 2
19 79 5
79 16 5
19 80 19
80 17 19
25 81 18
81 18 18
24 82 4
82 19 4
23 83 3
83 19 3
29 84 1
84 21 1
24 85 3
85 22 3
0 108 115 90 115 106 96 115 103 115 115 91 115 115 115 115 79 106 99 115 104 115 115 89 115 55 115 67 115 55 
0 0 132 90 113 106 96 131 103 163 174 91 147 131 156 115 79 102 99 127 97 129 153 89 103 53 136 67 176 35 
0 95 0 90 113 106 96 131 103 163 174 91 147 131 156 115 79 102 99 127 97 129 153 89 103 53 136 67 176 35 
0 93 93 0 93 93 93 93 93 93 93 91 93 93 93 93 79 93 93 93 93 93 93 89 93 53 93 67 93 35 
0 95 132 90 0 106 96 131 103 163 174 91 147 131 156 115 79 102 99 127 97 129 153 89 103 53 136 67 176 35 
0 95 117 90 113 0 96 117 103 117 117 91 117 117 117 115 79 102 99 117 97 117 117 89 103 53 117 67 117 35 
0 26 26 26 26 26 0 26 26 26 26 26 26 26 26 26 26 26 26 26 26 26 26 26 26 26 26 26 26 26 
0 95 132 90 113 106 96 0 103 142 142 91 142 131 142 115 79 102 99 127 97 129 142 89 103 53 136 67 142 35 
0 95 132 90 113 106 96 131 0 160 160 91 147 131 156 115 79 102 99 127 97 129 153 89 103 53 136 67 160 35 
0 88 88 88 88 88 88 88 88 0 88 88 88 88 88 88 79 88 88 88 88 88 88 88 88 53 88 67 88 35 
0 95 132 90 113 106 96 131 103 163 0 91 147 131 156 115 79 102 99 127 97 129 153 89 103 53 136 67 176 35 
0 95 132 90 113 106 96 131 103 163 174 0 147 131 156 115 79 102 99 127 97 129 153 89 103 53 136 67 176 35 
0 57 57 57 57 57 57 57 57 57 57 57 0 57 57 57 57 57 57 57 57 57 57 57 57 53 57 57 57 35 
0 43 43 43 43 43 43 43 43 43 43 43 43 0 43 43 43 43 43 43 43 43 43 43 43 43 43 43 43 35 
0 88 88 88 88 88 88 88 88 88 88 88 88 88 0 88 79 88 88 88 88 88 88 88 88 53 88 67 88 35 
0 95 132 90 113 106 96 131 103 163 174 91 147 131 156 0 79 102 99 127 97 129 153 89 103 53 136 67 176 35 
0 95 124 90 113 106 96 124 103 124 124 91 124 124 124 115 0 102 99 124 97 124 124 89 103 53 124 67 124 35 
0 95 95 90 95 95 95 95 95 95 95 91 95 95 95 95 79 0 95 95 95 95 95 89 95 53 95 67 95 35 
0 95 132 90 113 106 96 131 103 163 174 91 147 131 156 115 79 102 0 127 97 129 153 89 103 53 136 67 176 35 
0 29 29 29 29 29 29 29 29 29 29 29 29 29 29 29 29 29 29 0 29 29 29 29 29 29 29 29 29 29 
0 71 71 71 71 71 71 71 71 71 71 71 71 71 71 71 71 71 71 71 0 71 71 71 71 53 71 67 71 35 
0 70 70 70 70 70 70 70 70 70 70 70 70 70 70 70 70 70 70 70 70 0 70 70 70 53 70 67 70 35 
0 95 132 90 113 106 96 131 103 163 174 91 147 131 156 115 79 102 99 127 97 129 0 89 103 53 136 67 176 35 
0 95 132 90 113 106 96 131 103 163 174 91 147 131 156 115 79 102 99 127 97 129 153 0 103 53 136 67 176 35 
0 95 104 90 104 104 96 104 103 104 104 91 104 104 104 104 79 102 99 104 97 104 104 89 0 53 104 67 104 35 
0 59 59 59 59 59 59 59 59 59 59 59 59 59 59 59 59 59 59 59 59 59 59 59 59 0 59 59 59 35 
0 20 20 20 20 20 20 20 20 20 20 20 20 20 20 20 20 20 20 20 20 20 20 20 20 20 0 20 20 20 
0 20 20 20 20 20 20 20 20 20 20 20 20 20 20 20 20 20 20 20 20 20 20 20 20 20 20 0 20 20 
0 21 21 21 21 21 21 21 21 21 21 21 21 21 21 21 21 21 21 21 21 21 21 21 21 21 21 21 0 21 
0 0 0 0 0 0 0 0 0 0 0 0 0 0 0 0 0 0 0 0 0 0 0 0 0 0 0 0 0 0 
0