91 361 30 0
1 3 20
3 23 20
23 18 20
18 5 20
5 8 20
8 17 20
17 14 20
14 27 20
27 6 20
6 21 20
21 4 20
4 22 20
22 10 20
10 26 20
26 24 20
24 2 20
2 16 20
16 7 20
7 28 20
28 19 20
19 11 20
11 15 20
15 25 20
25 13 20
13 29 20
29 9 20
9 20 20
20 12 20
5 30 20
1 21 9
1 16 9
1 9 1
1 17 18
1 30 11
2 18 17
2 4 14
2 11 5
2 10 17
2 29 14
2 13 6
2 25 3
2 22 6
2 26 14
2 7 10
2 9 20
3 18 6
3 6 19
3 8 8
3 4 11
3 11 14
3 26 8
3 21 4
3 5 15
3 24 5
3 25 2
3 14 10
4 25 13
4 5 10
4 11 18
4 10 12
4 20 15
4 17 15
4 14 17
4 8 4
5 21 15
5 11 9
5 6 1
5 12 20
5 10 16
5 13 1
5 29 10
5 25 9
5 20 12
5 7 14
6 24 4
6 2 4
6 11 10
6 13 14
6 14 5
7 22 12
7 6 12
7 19 11
7 11 18
7 13 3
7 27 7
7 12 4
7 29 1
7 8 5
7 20 18
8 24 17
8 15 8
8 12 10
8 6 5
8 16 13
8 2 1
9 7 14
9 4 19
9 24 4
9 12 17
9 16 10
9 15 5
10 11 5
10 25 16
10 28 8
10 29 4
10 12 5
10 14 2
10 6 2
10 18 4
10 20 17
10 27 14
11 9 12
11 26 1
12 26 10
12 24 8
12 14 17
12 16 14
12 28 5
12 17 20
12 22 17
12 6 15
12 15 18
12 27 4
12 4 9
13 12 18
13 16 18
13 24 12
13 20 18
13 4 20
13 21 1
13 26 14
14 25 11
14 28 14
14 26 19
14 29 15
14 15 13
14 2 5
14 13 17
14 5 3
14 24 20
14 16 20
14 18 17
14 22 17
15 5 9
16 27 13
16 21 18
16 15 7
16 19 4
16 29 4
16 24 14
17 7 15
17 24 14
17 25 9
17 26 5
17 18 7
17 11 17
18 24 14
18 4 1
18 29 6
18 25 18
18 20 4
18 12 3
18 26 10
18 8 14
18 6 8
19 21 2
19 9 13
19 26 17
19 20 4
19 6 10
19 24 16
19 13 12
19 12 17
19 10 2
19 2 14
19 4 13
20 14 6
20 11 12
20 6 3
20 21 1
20 22 1
20 26 16
20 23 1
20 3 15
20 16 17
20 24 20
20 2 19
21 25 14
22 26 12
22 5 5
22 6 18
22 21 14
22 29 7
22 17 6
22 24 11
22 11 11
22 16 7
22 25 3
22 9 6
23 12 2
23 2 11
23 17 15
23 11 4
23 27 5
23 13 3
23 5 12
23 8 2
23 6 8
23 28 6
23 21 15
23 15 12
24 4 6
24 15 20
24 11 4
24 7 1
24 29 14
25 12 14
25 6 17
25 11 3
25 8 16
25 26 17
25 9 16
26 5 10
2 30 4
3 30 2
4 30 1
9 30 16
12 30 3
18 30 12
19 30 3
20 30 3
22 30 3
23 30 19
24 30 8
25 30 18
26 30 7
27 30 2
28 30 6
29 30 9
23 31 17
31 3 17
18 32 2
32 23 2
14 33 17
33 17 17
6 34 8
34 27 8
4 35 12
35 21 12
22 36 19
36 4 19
26 37 3
37 10 3
2 38 15
38 24 15
16 39 10
39 2 10
7 40 19
40 16 19
11 41 14
41 19 14
13 42 8
42 25 8
9 43 7
43 29 7
12 44 13
44 20 13
13 45 4
45 2 4
22 46 2
46 2 2
7 47 1
47 2 1
9 48 5
48 2 5
18 49 20
49 3 20
5 50 9
50 3 9
25 51 6
51 3 6
14 52 9
52 3 9
25 53 19
53 4 19
11 54 5
54 4 5
10 55 4
55 4 4
8 56 19
56 4 19
6 57 16
57 5 16
12 58 7
58 5 7
25 59 4
59 5 4
20 60 16
60 5 16
7 61 14
61 5 14
13 62 8
62 6 8
14 63 6
63 6 6
22 64 5
64 7 5
12 65 16
65 7 16
12 66 4
66 8 4
16 67 14
67 8 14
12 68 17
68 9 17
25 69 17
69 10 17
12 70 8
70 10 8
14 71 2
71 10 2
20 72 4
72 10 4
27 73 10
73 10 10
14 74 10
74 12 10
16 75 12
75 12 12
22 76 20
76 12 20
16 77 5
77 13 5
24 78 13
78 13 13
21 79 14
79 13 14
24 80 1
80 14 1
22 81 14
81 14 14
24 82 1
82 17 1
18 83 17
83 17 17
24 84 14
84 18 14
25 85 2
85 18 2
20 86 17
86 19 17
24 87 16
87 19 16
22 88 16
88 20 16
23 89 18
89 20 18
24 90 16
90 22 16
25 91 11
91 22 11
0 57 57 57 57 57 57 57 57 57 57 57 57 57 57 57 57 57 57 57 57 57 23 57 57 57 57 53 57 68 
0 0 62 161 141 152 95 87 104 111 150 161 108 92 103 138 111 87 82 155 102 100 23 161 126 161 71 53 102 136 
0 96 0 122 122 122 95 87 104 111 122 122 108 92 103 122 111 87 82 122 102 100 23 122 122 122 71 53 102 124 
0 96 62 0 136 136 95 87 104 111 136 136 108 92 103 136 111 87 82 136 102 100 23 136 126 136 71 53 102 136 
0 96 62 136 0 136 95 87 104 111 136 136 108 92 103 136 111 87 82 136 102 100 23 136 126 136 71 53 102 136 
0 81 62 81 81 0 81 81 81 81 81 81 81 81 81 81 81 81 81 81 81 81 23 81 81 81 71 53 81 81 
0 96 62 145 141 145 0 87 104 111 145 145 108 92 103 138 111 87 82 145 102 100 23 145 126 145 71 53 102 136 
0 93 62 93 93 93 93 0 93 93 93 93 93 92 93 93 93 87 82 93 93 93 23 93 93 93 71 53 93 93 
0 94 62 94 94 94 94 87 0 94 94 94 94 92 94 94 94 87 82 94 94 94 23 94 94 94 71 53 101 117 
0 96 62 101 101 101 95 87 101 0 101 101 101 92 101 101 101 87 82 101 101 100 23 101 101 101 71 53 101 101 
0 52 52 52 52 52 52 52 52 52 0 52 52 52 52 52 52 52 52 52 52 52 23 52 52 52 52 52 52 52 
0 96 62 179 141 152 95 87 104 111 150 0 108 92 103 138 111 87 82 155 102 100 23 194 126 163 71 53 102 136 
0 96 62 141 141 141 95 87 104 111 141 141 0 92 103 138 111 87 82 141 102 100 23 141 126 141 71 53 102 136 
0 96 62 179 141 152 95 87 104 111 150 172 108 0 103 138 111 87 82 155 102 100 23 194 126 163 71 53 102 136 
0 29 29 29 29 29 29 29 29 29 29 29 29 29 0 29 29 29 29 29 29 29 23 29 29 29 29 29 29 29 
0 96 62 121 121 121 95 87 104 111 121 121 108 92 103 0 111 87 82 121 102 100 23 121 121 121 71 53 102 121 
0 87 62 87 87 87 87 87 87 87 87 87 87 87 87 87 0 87 82 87 87 87 23 87 87 87 71 53 87 87 
0 96 62 137 137 137 95 87 104 111 137 137 108 92 103 137 111 0 82 137 102 100 23 137 126 137 71 53 102 136 
0 96 62 140 140 140 95 87 104 111 140 140 108 92 103 138 111 87 0 140 102 100 23 140 126 140 71 53 102 136 
0 96 62 168 141 152 95 87 104 111 150 168 108 92 103 138 111 87 82 0 102 100 23 168 126 163 71 53 102 136 
0 48 48 48 48 48 48 48 48 48 48 48 48 48 48 48 48 48 48 48 0 48 23 48 48 48 48 48 48 48 
0 96 62 179 141 152 95 87 104 111 150 172 108 92 103 138 111 87 82 155 102 0 23 194 126 163 71 53 102 136 
0 96 76 150 141 150 95 87 104 111 150 150 108 92 103 138 111 87 82 150 102 100 0 150 126 150 71 53 102 136 
0 96 62 126 126 126 95 87 104 111 126 126 108 92 103 126 111 87 82 126 102 100 23 0 126 126 71 53 102 134 
0 96 62 162 141 152 95 87 104 111 150 162 108 92 103 138 111 87 82 155 102 100 23 162 0 162 71 53 102 136 
0 33 33 33 33 33 33 33 33 33 33 33 33 33 33 33 33 33 33 33 33 33 23 33 33 0 33 33 33 40 
0 30 30 30 30 30 30 30 30 30 30 30 30 30 30 30 30 30 30 30 30 30 23 30 30 30 0 30 30 32 
0 20 20 20 20 20 20 20 20 20 20 20 20 20 20 20 20 20 20 20 20 20 20 20 20 20 20 0 20 26 
0 20 20 20 20 20 20 20 20 20 20 20 20 20 20 20 20 20 20 20 20 20 20 20 20 20 20 20 0 29 
0 0 0 0 0 0 0 0 0 0 0 0 0 0 0 0 0 0 0 0 0 0 0 0 0 0 0 0 0 0 
0