87 357 30 0
1 11 20
11 9 20
9 18 20
18 6 20
6 22 20
22 3 20
3 23 20
23 28 20
28 5 20
5 19 20
19 13 20
13 2 20
2 29 20
29 24 20
24 12 20
12 16 20
16 14 20
14 10 20
10 21 20
21 8 20
8 4 20
4 15 20
15 25 20
25 7 20
7 26 20
26 27 20
27 20 20
20 17 20
13 30 20
1 12 18
1 18 16
1 14 4
1 22 7
1 9 2
1 24 1
1 7 9
1 27 19
1 2 12
1 13 7
1 19 16
1 20 11
1 5 7
1 30 20
2 23 10
2 7 12
2 14 12
2 11 17
2 15 6
2 17 8
2 27 19
2 28 1
2 18 13
2 10 4
2 26 11
2 5 4
3 5 11
3 13 19
3 4 15
4 13 1
4 5 1
4 29 10
4 20 12
4 7 10
5 17 20
5 9 15
6 25 19
6 16 6
7 10 7
7 15 4
7 22 15
7 27 20
7 8 12
7 13 15
7 12 13
7 6 14
7 16 13
7 21 14
7 9 1
7 18 14
7 24 17
7 3 11
7 20 16
7 29 12
8 27 3
8 26 5
8 16 17
8 15 7
8 10 4
8 5 8
8 14 19
8 6 19
8 13 3
8 19 17
9 2 4
10 20 8
10 12 11
10 3 17
10 5 14
10 24 2
10 29 14
10 19 10
10 16 20
10 18 17
10 23 19
10 27 2
11 10 20
11 20 19
11 14 7
11 24 3
11 28 20
11 19 15
11 18 9
11 15 12
11 5 7
11 3 5
11 21 2
11 6 5
11 13 9
11 8 7
11 16 9
11 27 9
13 5 2
13 16 18
13 21 5
13 28 8
13 27 2
13 17 8
13 20 2
13 6 11
13 23 12
13 18 18
14 26 14
14 21 18
14 23 8
14 22 4
15 26 9
15 12 8
15 29 8
15 5 5
15 23 8
15 28 11
15 18 19
15 20 6
15 19 7
15 13 7
15 16 11
15 24 18
16 18 9
16 19 6
16 21 1
17 19 12
17 24 17
18 3 8
18 4 19
18 21 9
19 29 4
20 16 16
20 9 19
20 24 2
20 8 1
20 14 19
20 12 1
20 21 6
20 29 6
20 26 16
20 25 16
20 18 15
20 3 1
20 23 16
21 12 20
21 23 9
21 9 17
21 19 2
22 26 6
22 8 16
22 27 3
23 18 18
23 27 15
23 19 17
23 26 19
23 22 4
24 26 16
24 13 10
24 5 6
24 21 17
24 4 4
24 8 16
24 14 8
24 25 7
24 6 5
24 9 14
25 8 12
25 9 2
25 5 7
25 12 1
26 18 2
26 19 10
26 3 3
26 11 20
26 13 7
27 16 14
27 19 20
27 12 19
27 24 5
27 3 6
27 9 2
27 28 2
27 18 20
27 6 15
27 21 6
27 4 13
27 29 20
28 12 11
28 25 11
28 10 6
28 6 12
28 7 19
28 9 5
28 17 14
28 21 3
28 24 5
28 3 7
28 8 17
28 18 3
29 16 9
29 6 1
29 22 16
29 11 12
29 23 15
29 28 7
29 8 8
29 13 13
29 26 11
29 18 14
29 5 15
29 21 3
2 30 8
3 30 12
4 30 20
7 30 5
8 30 1
9 30 17
10 30 15
24 31 5
31 29 5
10 32 11
32 14 11
21 33 20
33 10 20
15 34 2
34 4 2
27 35 10
35 26 10
23 36 9
36 2 9
7 37 7
37 2 7
14 38 6
38 2 6
11 39 8
39 2 8
15 40 1
40 2 1
17 41 19
41 2 19
26 42 11
42 2 11
13 43 14
43 3 14
4 44 14
44 3 14
13 45 2
45 4 2
29 46 2
46 4 2
20 47 15
47 4 15
7 48 11
48 4 11
16 49 17
49 6 17
10 50 1
50 7 1
13 51 6
51 7 6
24 52 5
52 7 5
20 53 3
53 7 3
29 54 10
54 7 10
27 55 9
55 8 9
16 56 12
56 8 12
10 57 13
57 8 13
19 58 15
58 8 15
20 59 10
59 10 10
24 60 10
60 10 10
16 61 6
61 10 6
23 62 12
62 10 12
27 63 20
63 10 20
20 64 13
64 11 13
28 65 2
65 11 2
13 66 3
66 11 3
27 67 19
67 11 19
21 68 19
68 13 19
28 69 17
69 13 17
27 70 10
70 13 10
20 71 10
71 13 10
23 72 17
72 14 17
22 73 3
73 14 3
29 74 3
74 15 3
23 75 18
75 15 18
28 76 7
76 15 7
16 77 17
77 15 17
24 78 2
78 15 2
21 79 1
79 16 1
24 80 10
80 17 10
21 81 16
81 18 16
29 82 18
82 19 18
24 83 1
83 20 1
29 84 20
84 20 20
26 85 12
85 22 12
28 86 16
86 27 16
29 87 13
87 27 13
0 97 106 103 107 119 95 149 97 139 106 122 149 120 96 149 80 149 149 115 104 78 117 90 73 137 141 69 99 118 
0 0 106 103 100 119 86 137 95 137 86 104 137 116 96 137 80 137 137 104 104 71 117 89 73 137 122 69 99 98 
0 65 0 65 65 65 65 65 65 65 65 65 65 65 65 65 65 65 65 65 65 65 65 65 65 65 65 65 65 77 
0 68 68 0 68 68 68 68 68 68 68 68 68 68 68 68 68 68 68 68 68 68 68 68 68 68 68 68 68 88 
0 55 55 55 0 55 55 55 55 55 55 55 55 55 55 55 55 55 55 55 55 55 55 55 55 55 55 55 55 55 
0 45 45 45 45 0 45 45 45 45 45 45 45 45 45 45 45 45 45 45 45 45 45 45 45 45 45 45 45 45 
0 85 106 103 100 119 0 158 95 139 86 104 160 116 96 154 80 207 154 104 104 71 117 89 73 137 122 69 99 98 
0 85 106 103 100 119 86 0 95 122 86 104 122 116 96 122 80 122 122 104 104 71 117 89 73 122 122 69 99 98 
0 24 24 24 24 24 24 24 0 24 24 24 24 24 24 24 24 24 24 24 24 24 24 24 24 24 24 24 24 41 
0 85 106 103 100 119 86 158 95 0 86 104 160 116 96 154 80 179 154 104 104 71 117 89 73 137 122 69 99 98 
0 85 106 103 100 119 86 158 95 139 0 104 160 116 96 154 80 186 154 104 104 71 117 89 73 137 122 69 99 98 
0 20 20 20 20 20 20 20 20 20 20 0 20 20 20 20 20 20 20 20 20 20 20 20 20 20 20 20 20 20 
0 85 106 103 100 119 86 131 95 131 86 104 0 116 96 131 80 131 131 104 104 71 117 89 73 131 122 69 99 98 
0 70 70 70 70 70 70 70 70 70 70 70 70 0 70 70 70 70 70 70 70 70 70 70 70 70 70 69 70 70 
0 85 106 103 100 119 86 140 95 139 86 104 140 116 0 140 80 140 140 104 104 71 117 89 73 137 122 69 99 98 
0 85 88 88 88 88 86 88 88 88 86 88 88 88 88 0 80 88 88 88 88 71 88 88 73 88 88 69 88 88 
0 48 48 48 48 48 48 48 48 48 48 48 48 48 48 48 0 48 48 48 48 48 48 48 48 48 48 48 48 48 
0 56 56 56 56 56 56 56 56 56 56 56 56 56 56 56 56 0 56 56 56 56 56 56 56 56 56 56 56 56 
0 39 39 39 39 39 39 39 39 39 39 39 39 39 39 39 39 39 0 39 39 39 39 39 39 39 39 39 39 39 
0 85 106 103 100 119 86 158 95 139 86 104 160 116 96 154 80 205 154 0 104 71 117 89 73 137 122 69 99 98 
0 85 106 103 100 119 86 124 95 124 86 104 124 116 96 124 80 124 124 104 0 71 117 89 73 124 122 69 99 98 
0 48 48 48 48 48 48 48 48 48 48 48 48 48 48 48 48 48 48 48 48 0 48 48 48 48 48 48 48 48 
0 85 106 103 100 119 86 149 95 139 86 104 149 116 96 149 80 149 149 104 104 71 0 89 73 137 122 69 99 98 
0 85 106 103 100 119 86 156 95 139 86 104 156 116 96 154 80 156 154 104 104 71 117 0 73 137 122 69 99 98 
0 42 42 42 42 42 42 42 42 42 42 42 42 42 42 42 42 42 42 42 42 42 42 42 0 42 42 42 42 42 
0 85 85 85 85 85 85 85 85 85 85 85 85 85 85 85 80 85 85 85 85 71 85 85 73 0 85 69 85 85 
0 85 106 103 100 119 86 158 95 139 86 104 160 116 96 154 80 207 154 104 104 71 117 89 73 137 0 69 99 98 
0 85 106 103 100 119 86 158 95 139 86 104 160 116 96 154 80 175 154 104 104 71 117 89 73 137 122 0 99 98 
0 85 106 103 100 119 86 158 95 139 86 104 160 116 96 154 80 207 154 104 104 71 117 89 73 137 122 69 0 98 
0 0 0 0 0 0 0 0 0 0 0 0 0 0 0 0 0 0 0 0 0 0 0 0 0 0 0 0 0 0 
0