85 355 30 0
1 21 20
21 3 20
3 19 20
19 4 20
4 15 20
15 17 20
17 7 20
7 18 20
18 6 20
6 8 20
8 5 20
5 22 20
22 9 20
9 12 20
12 20 20
20 2 20
2 13 20
13 26 20
26 29 20
29 25 20
25 16 20
16 24 20
24 28 20
28 10 20
10 23 20
23 27 20
27 11 20
11 14 20
13 30 20
1 23 7
1 24 15
1 12 16
1 2 20
1 16 1
1 8 15
1 27 5
1 10 11
1 28 2
1 19 4
1 13 19
1 6 18
1 9 16
1 11 17
1 4 20
1 26 12
1 20 13
2 17 13
2 26 2
2 21 10
2 8 5
3 15 7
3 6 9
3 13 6
3 25 3
3 23 20
3 29 17
4 24 2
4 10 3
4 13 6
4 6 3
4 5 9
4 26 13
5 16 5
5 12 17
5 10 1
6 23 18
6 27 10
6 5 6
6 22 19
6 11 8
6 2 16
6 14 19
6 20 8
6 24 13
6 26 1
6 28 8
7 13 15
7 27 10
9 17 19
9 14 13
9 3 5
10 13 4
10 20 18
10 26 19
10 2 5
10 24 2
10 9 16
11 4 14
11 2 13
12 18 8
12 25 7
12 28 9
12 2 20
12 10 8
12 8 20
12 11 10
12 24 5
12 23 4
12 29 20
12 26 9
13 25 1
13 14 2
13 29 20
13 23 10
13 24 12
13 20 20
13 8 12
13 6 13
13 16 3
13 27 14
13 18 11
13 28 4
13 17 13
13 9 6
13 12 11
14 24 3
14 7 13
14 17 6
14 27 11
14 5 9
14 21 14
14 23 4
14 20 4
14 4 8
14 12 14
14 10 9
15 10 7
15 28 1
15 25 20
15 8 8
15 29 12
15 21 4
15 24 6
15 27 13
15 19 13
15 2 2
15 26 5
15 9 17
15 16 9
15 22 15
15 23 13
15 7 1
17 4 5
17 20 13
17 27 9
17 28 12
17 6 18
17 18 2
17 8 10
17 3 19
17 10 4
18 22 11
18 19 20
18 28 5
18 24 12
18 20 12
18 26 15
18 14 13
18 21 16
18 9 15
18 25 3
18 5 1
18 29 10
18 10 2
18 4 4
19 29 15
19 7 9
20 8 19
20 29 6
20 24 13
20 28 4
20 15 3
20 26 19
20 21 4
20 25 2
20 7 14
20 23 20
21 22 3
21 4 3
22 25 9
22 29 3
22 28 7
22 10 13
22 20 17
23 7 13
23 2 1
23 26 15
24 27 2
24 26 5
24 23 12
24 2 19
24 19 17
24 22 19
24 21 12
25 26 20
25 5 10
25 19 11
25 2 12
25 6 1
25 28 5
25 10 17
25 24 18
25 27 4
25 7 6
25 11 9
25 9 2
25 17 10
26 3 5
26 21 13
26 14 16
26 9 17
26 19 17
26 7 7
26 22 8
27 5 16
27 29 13
27 3 19
27 16 8
27 21 4
27 8 17
27 10 19
27 12 9
28 3 2
28 8 20
28 7 8
28 16 9
28 21 16
28 26 16
28 23 2
28 27 12
28 2 10
28 29 8
28 19 9
29 9 3
29 11 9
29 10 16
29 21 3
29 2 3
29 8 5
29 23 5
29 5 20
3 30 19
4 30 17
5 30 8
6 30 7
15 31 17
31 4 17
17 32 20
32 15 20
18 33 3
33 7 3
5 34 7
34 8 7
20 35 11
35 12 11
13 36 1
36 2 1
26 37 10
37 13 10
29 38 7
38 26 7
24 39 10
39 16 10
27 40 20
40 23 20
15 41 9
41 3 9
29 42 5
42 3 5
10 43 19
43 4 19
26 44 9
44 4 9
14 45 7
45 6 7
20 46 18
46 6 18
24 47 10
47 6 10
14 48 3
48 9 3
13 49 15
49 10 15
26 50 1
50 10 1
24 51 4
51 10 4
18 52 11
52 12 11
25 53 7
53 12 7
28 54 12
54 12 12
26 55 7
55 12 7
14 56 6
56 13 6
29 57 4
57 13 4
20 58 18
58 13 18
18 59 11
59 13 11
17 60 2
60 13 2
24 61 15
61 14 15
17 62 7
62 14 7
27 63 3
63 14 3
20 64 12
64 14 12
28 65 10
65 15 10
25 66 17
66 15 17
27 67 7
67 15 7
20 68 7
68 17 7
28 69 15
69 17 15
18 70 20
70 17 20
28 71 20
71 18 20
20 72 17
72 18 17
26 73 8
73 18 8
25 74 3
74 18 3
24 75 19
75 20 19
28 76 8
76 20 8
26 77 11
77 20 11
25 78 8
78 20 8
22 79 10
79 21 10
25 80 17
80 22 17
29 81 20
81 22 20
28 82 6
82 22 6
26 83 6
83 25 6
27 84 13
84 25 13
29 85 19
85 27 19
0 142 84 119 91 117 94 158 115 150 73 135 121 120 84 65 123 89 111 171 126 138 155 121 84 178 129 77 144 71 
0 0 50 50 50 50 50 50 50 50 50 50 50 50 50 50 50 50 50 50 50 50 50 50 50 50 50 50 50 50 
0 82 0 82 82 82 82 82 82 82 56 82 82 82 82 64 82 82 82 82 82 82 82 82 82 82 82 75 82 71 
0 56 56 0 56 56 56 56 56 56 56 56 56 56 56 56 56 56 56 56 56 56 56 56 56 56 56 56 56 71 
0 43 43 43 0 43 43 50 43 43 43 43 43 43 43 43 43 43 43 43 43 43 43 43 43 43 43 43 43 51 
0 122 84 99 91 0 94 143 99 139 56 119 102 120 84 64 123 89 107 146 106 138 146 106 84 146 124 75 144 71 
0 45 45 45 45 45 0 45 45 45 45 45 45 45 45 45 45 45 45 45 45 45 45 45 45 45 45 45 45 45 
0 20 20 20 20 20 20 0 20 20 20 20 20 20 20 20 20 20 20 20 20 20 20 20 20 20 20 20 20 20 
0 57 57 57 57 57 57 57 0 57 56 57 57 57 57 57 57 57 57 57 57 57 57 57 57 57 57 57 57 57 
0 103 84 99 91 99 94 103 99 0 56 103 102 103 84 64 103 89 103 103 103 103 103 103 84 103 103 75 103 71 
0 47 47 47 47 47 47 47 47 47 0 47 47 47 47 47 47 47 47 47 47 47 47 47 47 47 47 47 47 47 
0 122 84 99 91 99 94 140 99 139 56 0 102 120 84 64 123 89 107 140 106 138 140 106 84 140 124 75 140 71 
0 122 84 99 91 99 94 143 99 139 56 119 0 120 84 64 123 89 107 158 106 138 148 106 84 166 124 75 144 71 
0 111 84 99 91 99 94 111 99 111 56 111 102 0 84 64 111 89 107 111 106 111 111 106 84 111 111 75 111 71 
0 122 84 99 91 99 94 143 99 139 56 119 102 120 0 64 123 89 107 158 106 138 148 106 84 166 124 75 144 71 
0 20 20 20 20 20 20 20 20 20 20 20 20 20 20 0 20 20 20 20 20 20 20 20 20 20 20 20 20 20 
0 122 84 99 91 99 94 141 99 139 56 119 102 120 84 64 0 89 107 141 106 138 141 106 84 141 124 75 141 71 
0 122 84 99 91 99 94 143 99 139 56 119 102 120 84 64 123 0 107 158 106 138 148 106 84 166 124 75 144 71 
0 44 44 44 44 44 44 44 44 44 44 44 44 44 44 44 44 44 0 44 44 44 44 44 44 44 44 44 44 44 
0 122 84 99 91 99 94 143 99 139 56 119 102 120 84 64 123 89 107 0 106 138 148 106 84 166 124 75 144 71 
0 26 26 26 26 26 26 26 26 26 26 26 26 26 26 26 26 26 26 26 0 26 26 26 26 26 26 26 26 26 
0 79 79 79 79 79 79 79 79 79 56 79 79 79 79 64 79 79 79 79 79 0 79 79 79 79 79 75 79 71 
0 49 49 49 49 49 49 49 49 49 49 49 49 49 49 49 49 49 49 49 49 49 0 49 49 49 49 49 49 49 
0 122 84 99 91 99 94 143 99 139 56 119 102 120 84 64 123 89 107 154 106 138 148 0 84 154 124 75 144 71 
0 122 84 99 91 99 94 143 99 139 56 119 102 120 84 64 123 89 107 158 106 138 148 106 0 166 124 75 144 71 
0 122 84 99 91 99 94 143 99 139 56 119 102 120 84 64 123 89 107 155 106 138 148 106 84 0 124 75 144 71 
0 122 84 99 91 99 94 143 99 139 56 119 102 120 84 64 123 89 107 158 106 138 148 106 84 166 0 75 144 71 
0 122 84 99 91 99 94 143 99 139 56 119 102 120 84 64 123 89 107 158 106 138 148 106 84 166 124 0 144 71 
0 122 84 99 91 99 94 139 99 139 56 119 102 120 84 64 123 89 107 139 106 138 139 106 84 139 124 75 0 71 
0 0 0 0 0 0 0 0 0 0 0 0 0 0 0 0 0 0 0 0 0 0 0 0 0 0 0 0 0 0 
0