86 356 30 0
1 10 20
10 21 20
21 25 20
25 29 20
29 8 20
8 18 20
18 22 20
22 9 20
9 17 20
17 7 20
7 4 20
4 15 20
15 6 20
6 27 20
27 2 20
2 12 20
12 13 20
13 3 20
3 19 20
19 16 20
16 23 20
23 24 20
24 5 20
5 28 20
28 11 20
11 20 20
20 26 20
26 14 20
15 30 20
1 24 14
1 20 8
1 27 4
1 29 18
1 15 8
2 7 7
2 16 15
2 15 17
2 14 12
2 22 2
2 23 18
2 4 16
2 25 10
2 3 17
2 18 14
2 24 18
2 26 14
2 17 10
2 9 11
2 20 17
2 6 8
2 19 14
3 9 8
3 11 20
3 22 8
3 28 1
4 9 20
4 6 13
4 21 14
4 19 12
4 8 1
4 11 9
4 22 14
4 3 8
5 29 19
5 22 13
5 9 4
5 6 14
5 16 19
6 9 1
6 29 15
6 18 12
6 19 5
6 21 8
6 24 7
6 14 10
6 12 17
6 23 14
6 20 12
6 11 9
6 28 16
6 25 3
6 22 8
6 3 11
6 13 14
6 17 7
7 5 11
7 11 15
7 21 14
7 6 8
7 22 15
7 12 10
7 9 17
7 8 12
7 25 1
7 16 1
7 20 7
7 27 5
7 15 7
7 23 12
8 27 7
8 21 9
8 3 8
8 6 13
8 11 20
8 10 14
8 19 5
8 13 9
8 15 9
8 17 8
9 18 14
9 8 9
9 11 2
9 24 10
9 27 15
9 14 8
9 21 12
9 13 11
9 19 15
9 16 1
10 28 8
10 5 12
10 16 10
10 6 12
10 27 7
11 15 19
11 14 14
11 18 15
11 21 7
11 19 6
11 22 14
11 12 18
11 10 8
11 29 9
11 24 6
11 17 12
12 29 13
12 4 9
12 5 2
12 17 16
12 14 5
12 10 20
12 9 15
12 23 11
12 26 14
12 3 4
12 16 5
12 21 3
12 19 3
13 19 9
13 21 2
13 24 12
13 20 19
13 27 7
13 28 13
13 11 16
13 25 17
13 5 9
16 6 11
16 3 4
16 17 19
17 19 10
17 14 16
17 4 7
17 15 14
17 24 20
17 5 18
17 29 17
17 3 7
17 27 17
17 10 17
18 14 20
18 28 7
18 27 16
18 4 2
18 23 1
19 15 10
19 24 12
19 5 10
20 21 12
20 23 14
20 5 5
21 17 16
21 24 11
21 19 11
21 23 8
21 28 9
21 16 6
21 3 3
21 26 6
22 28 11
22 16 2
22 19 9
22 21 5
22 13 5
22 24 19
22 15 4
22 27 18
22 23 17
22 25 5
22 8 4
23 25 2
23 27 2
23 15 5
23 29 18
23 11 18
23 4 9
23 17 7
23 28 16
23 8 11
23 13 10
23 9 4
23 19 19
23 5 14
24 20 9
24 3 3
24 4 17
24 26 12
24 14 15
24 16 13
24 10 8
25 17 18
25 26 7
25 27 6
25 24 18
25 14 7
25 4 8
25 20 6
25 16 16
25 18 14
25 3 7
25 28 10
25 12 3
25 5 1
4 30 2
7 30 11
8 30 16
19 30 3
20 30 17
22 30 3
23 30 4
24 30 20
27 30 3
28 30 4
29 30 17
21 31 7
31 10 7
25 32 6
32 21 6
8 33 10
33 29 10
9 34 13
34 22 13
13 35 16
35 12 16
16 36 11
36 19 11
24 37 17
37 23 17
16 38 3
38 2 3
22 39 19
39 2 19
23 40 10
40 2 10
25 41 12
41 2 12
24 42 13
42 2 13
17 43 7
43 2 7
6 44 16
44 2 16
9 45 10
45 3 10
21 46 9
46 4 9
11 47 14
47 4 14
22 48 5
48 4 5
22 49 20
49 5 20
6 50 6
50 5 6
21 51 6
51 6 6
24 52 13
52 6 13
23 53 9
53 6 9
11 54 14
54 6 14
25 55 7
55 6 7
22 56 15
56 6 15
13 57 19
57 6 19
11 58 6
58 7 6
21 59 16
59 7 16
22 60 15
60 7 15
9 61 10
61 7 10
8 62 17
62 7 17
21 63 7
63 8 7
13 64 13
64 8 13
15 65 20
65 8 20
17 66 20
66 8 20
11 67 6
67 9 6
24 68 14
68 9 14
21 69 2
69 9 2
16 70 6
70 10 6
21 71 15
71 11 15
22 72 20
72 11 20
12 73 9
73 11 9
24 74 9
74 11 9
17 75 6
75 11 6
17 76 1
76 12 1
23 77 6
77 12 6
21 78 2
78 12 2
19 79 15
79 12 15
25 80 16
80 13 16
23 81 1
81 18 1
24 82 1
82 19 1
23 83 2
83 20 2
23 84 16
84 22 16
25 85 9
85 22 9
25 86 4
86 23 4
0 72 72 72 72 72 72 72 72 72 72 72 72 72 72 72 72 72 72 72 72 72 72 72 58 72 72 72 72 72 
0 0 102 116 128 182 91 117 122 80 188 108 85 127 105 108 133 90 150 92 112 132 136 153 58 73 120 111 121 120 
0 57 0 57 57 57 57 57 57 57 57 57 57 57 57 57 57 57 57 57 57 57 57 57 57 57 57 57 57 57 
0 100 102 0 111 111 91 111 111 80 111 108 85 111 105 108 111 90 111 92 111 111 111 111 58 73 111 111 111 113 
0 89 89 89 0 89 89 89 89 80 89 89 85 89 89 89 89 89 89 89 89 89 89 89 58 73 89 89 89 89 
0 100 102 116 128 0 91 117 122 80 188 108 85 127 105 108 133 90 150 92 112 132 136 153 58 73 120 111 121 120 
0 100 102 116 128 155 0 117 122 80 155 108 85 127 105 108 133 90 150 92 112 132 136 153 58 73 120 111 121 120 
0 100 102 116 128 139 91 0 122 80 139 108 85 127 105 108 133 90 139 92 112 132 136 139 58 73 120 111 121 120 
0 100 102 116 128 142 91 117 0 80 142 108 85 127 105 108 133 90 142 92 112 132 136 142 58 73 120 111 121 120 
0 69 69 69 69 69 69 69 69 0 69 69 69 69 69 69 69 69 69 69 69 69 69 69 58 69 69 69 69 69 
0 100 102 116 128 174 91 117 122 80 0 108 85 127 105 108 133 90 150 92 112 132 136 153 58 73 120 111 121 120 
0 100 102 116 128 130 91 117 122 80 130 0 85 127 105 108 130 90 130 92 112 130 130 130 58 73 120 111 121 120 
0 100 102 116 128 172 91 117 122 80 172 108 0 127 105 108 133 90 150 92 112 132 136 153 58 73 120 111 121 120 
0 0 0 0 0 0 0 0 0 0 0 0 0 0 0 0 0 0 0 0 0 0 0 0 0 0 0 0 0 0 
0 40 40 40 40 40 40 40 40 40 40 40 40 40 0 40 40 40 40 40 40 40 40 40 40 40 40 40 40 60 
0 74 74 74 74 74 74 74 74 74 74 74 74 74 74 0 74 74 74 74 74 74 74 74 58 73 74 74 74 74 
0 100 102 116 128 181 91 117 122 80 181 108 85 127 105 108 0 90 150 92 112 132 136 153 58 73 120 111 121 120 
0 46 46 46 46 46 46 46 46 46 46 46 46 66 46 46 46 0 46 46 46 46 46 46 46 46 46 46 46 46 
0 67 67 67 67 67 67 67 67 67 67 67 67 67 67 67 67 67 0 67 67 67 67 67 58 67 67 67 67 70 
0 31 31 31 31 31 31 31 31 31 31 31 31 51 31 31 31 31 31 0 31 31 31 31 31 51 31 31 31 48 
0 100 102 116 128 148 91 117 122 80 148 108 85 127 105 108 133 90 148 92 0 132 136 148 58 73 120 111 121 120 
0 100 102 116 128 182 91 117 122 80 188 108 85 127 105 108 133 90 150 92 112 0 136 153 58 73 120 111 121 120 
0 100 102 116 128 182 91 117 122 80 188 108 85 127 105 108 133 90 150 92 112 132 0 153 58 73 120 111 121 120 
0 100 102 116 128 137 91 117 122 80 137 108 85 127 105 108 133 90 137 92 112 132 136 0 58 73 120 111 121 120 
0 100 102 116 128 181 91 117 122 80 181 108 85 127 105 108 133 90 150 92 112 132 136 153 0 73 120 111 121 120 
0 0 0 0 0 0 0 0 0 0 0 0 0 20 0 0 0 0 0 0 0 0 0 0 0 0 0 0 0 0 
0 20 20 20 20 20 20 20 20 20 20 20 20 20 20 20 20 20 20 20 20 20 20 20 20 20 0 20 20 23 
0 20 20 20 20 20 20 20 20 20 20 20 20 20 20 20 20 20 20 20 20 20 20 20 20 20 20 0 20 24 
0 20 20 20 20 20 20 20 20 20 20 20 20 20 20 20 20 20 20 20 20 20 20 20 20 20 20 20 0 37 
0 0 0 0 0 0 0 0 0 0 0 0 0 0 0 0 0 0 0 0 0 0 0 0 0 0 0 0 0 0 
0