71 341 30 0
1 25 20
25 5 20
5 24 20
24 15 20
15 4 20
4 6 20
6 13 20
13 21 20
21 7 20
7 2 20
2 27 20
27 12 20
12 20 20
20 29 20
29 16 20
16 3 20
3 9 20
9 14 20
14 23 20
23 28 20
28 8 20
8 19 20
19 10 20
10 18 20
18 26 20
26 17 20
17 22 20
22 11 20
20 30 20
1 7 10
1 9 3
1 2 17
1 4 3
1 13 11
1 24 10
1 27 5
1 11 1
1 6 16
1 28 4
1 29 16
1 21 4
1 26 11
1 15 12
1 10 4
1 8 16
1 14 14
1 3 13
1 30 18
2 14 18
2 20 17
3 17 8
3 4 18
3 12 11
3 7 7
3 8 5
3 18 9
4 18 5
4 19 8
4 28 20
4 9 20
4 14 5
5 16 13
5 27 7
5 7 6
5 6 19
5 11 16
5 15 15
5 20 8
5 12 12
5 9 2
5 8 4
5 17 19
5 19 19
5 23 15
6 8 13
6 12 9
6 23 2
6 24 3
6 20 1
6 15 12
6 17 11
6 19 3
6 28 12
6 22 18
6 21 12
7 15 19
7 18 8
7 13 4
7 4 1
7 20 3
7 9 3
7 8 13
7 29 13
7 25 17
7 12 3
7 26 19
7 6 1
7 11 10
7 19 13
8 11 8
8 12 20
8 15 2
8 14 13
9 24 12
9 26 8
9 27 9
9 15 16
9 18 16
9 13 20
9 20 13
10 25 19
10 15 8
10 23 15
11 3 14
11 19 6
11 24 1
11 25 18
11 17 16
11 10 11
11 23 11
11 14 16
11 26 7
11 29 9
12 21 6
12 25 14
12 9 13
12 24 2
13 8 1
13 15 18
13 26 2
13 19 4
13 24 13
13 3 5
14 7 11
14 29 6
14 26 5
14 10 16
14 6 6
14 5 16
14 19 8
14 3 19
14 17 14
14 24 19
14 12 5
14 27 16
14 21 3
15 14 18
15 20 12
15 2 11
15 21 8
15 12 16
16 6 20
16 23 2
16 12 8
17 25 10
17 15 2
17 24 16
17 27 16
17 12 1
20 22 1
20 17 12
20 28 2
20 10 11
20 24 11
20 8 14
20 13 4
20 11 4
20 23 18
20 21 6
20 27 12
20 18 16
20 4 8
20 26 16
21 4 11
21 17 16
21 18 8
21 10 14
21 24 20
21 28 10
22 5 4
22 29 5
22 28 14
22 2 17
22 13 20
22 12 5
22 21 1
22 27 12
22 7 3
22 26 1
22 10 16
22 4 2
22 23 4
22 15 7
22 16 9
23 25 11
23 8 2
23 13 16
23 9 20
23 4 11
23 29 7
23 19 12
24 28 19
24 27 12
24 16 5
25 29 11
25 22 20
25 8 2
25 20 20
25 15 11
25 27 10
25 9 15
25 14 17
25 6 16
26 12 13
26 10 8
26 21 18
26 28 18
26 27 7
26 23 16
26 8 12
27 19 8
27 7 9
27 4 9
27 29 18
27 13 2
28 19 15
28 15 19
28 29 5
28 16 2
28 14 11
28 11 15
28 17 11
29 5 20
29 24 10
29 9 16
29 4 9
29 21 13
29 19 13
29 8 10
29 17 11
29 26 12
29 10 1
29 15 19
29 18 15
3 30 6
4 30 9
5 30 7
6 30 7
11 30 6
12 30 9
13 30 13
14 30 13
17 30 11
18 30 9
19 30 18
21 30 6
24 30 11
27 30 11
28 30 19
5 31 1
31 25 1
21 32 15
32 13 15
7 33 1
33 21 1
12 34 14
34 27 14
20 35 7
35 12 7
29 36 17
36 20 17
3 37 1
37 16 1
14 38 3
38 9 3
26 39 2
39 18 2
22 40 13
40 17 13
11 41 3
41 22 3
20 42 2
42 2 2
7 43 20
43 3 20
14 44 2
44 4 2
6 45 1
45 5 1
15 46 9
46 5 9
20 47 13
47 5 13
21 48 9
48 6 9
15 49 7
49 7 7
12 50 7
50 7 7
14 51 18
51 8 18
25 52 2
52 11 2
17 53 16
53 11 16
14 54 4
54 11 4
26 55 13
55 11 13
29 56 2
56 11 2
21 57 11
57 12 11
15 58 17
58 13 17
26 59 17
59 13 17
17 60 12
60 14 12
21 61 6
61 14 6
21 62 10
62 15 10
22 63 20
63 20 20
28 64 5
64 20 5
26 65 10
65 20 10
28 66 15
66 21 15
29 67 18
67 22 18
28 68 11
68 22 11
25 69 8
69 23 8
29 70 12
70 25 12
29 71 10
71 27 10
0 67 91 94 83 107 80 130 115 101 111 141 146 150 190 50 151 99 129 146 107 91 111 137 122 101 150 119 110 193 
0 0 55 55 55 55 55 55 55 55 55 55 55 55 55 50 55 55 55 55 55 55 55 55 55 55 55 55 55 55 
0 50 0 79 79 79 70 79 79 79 79 79 79 79 79 50 79 79 79 79 79 79 79 79 79 79 79 79 79 85 
0 50 78 0 78 78 70 78 78 78 78 78 78 78 78 50 78 78 78 78 78 78 78 78 78 78 78 78 78 87 
0 50 78 91 0 91 70 114 112 97 110 141 135 136 176 50 151 99 129 146 103 91 111 127 102 90 145 115 94 175 
0 50 78 91 83 0 70 114 112 97 110 117 117 117 117 50 117 99 117 117 103 91 111 117 102 90 117 115 94 124 
0 50 78 91 83 91 0 114 112 97 110 141 135 136 168 50 151 99 129 146 103 91 111 127 102 90 145 115 94 168 
0 50 63 63 63 63 63 0 63 63 63 63 63 63 63 50 63 63 63 63 63 63 63 63 63 63 63 63 63 63 
0 50 78 91 83 91 70 114 0 97 110 114 114 114 114 50 114 99 114 114 103 91 111 114 102 90 114 114 94 114 
0 50 62 62 62 62 62 62 62 0 62 62 62 62 62 50 62 62 62 62 62 62 62 62 62 62 62 62 62 62 
0 50 78 91 83 91 70 112 112 97 0 112 112 112 112 50 112 99 112 112 103 91 111 112 102 90 112 112 94 118 
0 50 76 76 76 76 70 76 76 76 76 0 76 76 76 50 76 76 76 76 76 76 76 76 76 76 76 76 76 85 
0 50 63 63 63 63 63 63 63 63 63 63 0 63 63 50 63 63 63 63 63 63 63 63 63 63 63 63 63 76 
0 50 78 91 83 91 70 114 112 97 110 141 135 0 178 50 151 99 129 146 103 91 111 127 102 90 145 115 94 175 
0 50 78 91 83 91 70 114 112 97 110 118 118 118 0 50 118 99 118 118 103 91 111 118 102 90 118 115 94 118 
0 50 50 50 50 50 50 50 50 50 50 50 50 50 50 0 50 50 50 50 50 50 50 50 50 50 50 50 50 50 
0 50 78 91 83 91 70 93 93 93 93 93 93 93 93 50 0 93 93 93 93 91 93 93 93 90 93 93 93 104 
0 20 20 20 20 20 20 20 20 20 20 20 20 20 20 20 20 0 20 20 20 20 20 20 20 20 20 20 20 29 
0 20 20 20 20 20 20 20 20 20 20 20 20 20 20 20 20 20 0 20 20 20 20 20 20 20 20 20 20 38 
0 50 78 91 83 91 70 114 112 97 110 141 135 136 177 50 151 99 129 0 103 91 111 127 102 90 145 115 94 175 
0 50 78 91 83 91 70 114 112 97 110 141 135 136 150 50 150 99 129 146 0 91 111 127 102 90 145 115 94 156 
0 50 78 91 83 91 70 114 112 97 110 141 135 136 173 50 151 99 129 146 103 0 111 127 102 90 145 115 94 173 
0 50 78 91 83 91 70 99 99 97 99 99 99 99 99 50 99 99 99 99 99 91 0 99 99 90 99 99 94 99 
0 50 56 56 56 56 56 56 56 56 56 56 56 56 56 50 56 56 56 56 56 56 56 0 56 56 56 56 56 67 
0 50 78 91 83 91 70 114 112 97 110 141 135 136 152 50 151 99 129 146 103 91 111 127 0 90 145 115 94 152 
0 50 78 91 83 91 70 114 112 97 110 141 135 136 152 50 151 99 129 146 103 91 111 127 102 0 145 115 94 154 
0 50 66 66 66 66 66 66 66 66 66 66 66 66 66 50 66 66 66 66 66 66 66 66 66 66 0 66 66 77 
0 50 78 91 83 91 70 114 112 97 110 129 129 129 129 50 129 99 129 129 103 91 111 127 102 90 129 0 94 148 
0 50 78 91 83 91 70 114 112 97 110 141 135 136 178 50 151 99 129 146 103 91 111 127 102 90 145 115 0 175 
0 0 0 0 0 0 0 0 0 0 0 0 0 0 0 0 0 0 0 0 0 0 0 0 0 0 0 0 0 0 
0