86 356 30 0
1 10 20
10 6 20
6 11 20
11 24 20
24 8 20
8 20 20
20 7 20
7 22 20
22 18 20
18 27 20
27 19 20
19 25 20
25 3 20
3 16 20
16 12 20
12 26 20
26 13 20
13 21 20
21 17 20
17 5 20
5 23 20
23 4 20
4 15 20
15 29 20
29 9 20
9 14 20
14 28 20
28 2 20
7 30 20
1 12 8
1 6 19
1 8 2
1 4 9
1 24 20
1 30 12
2 6 11
2 25 17
2 27 15
2 3 9
2 13 3
2 11 17
3 24 2
3 17 15
3 5 15
3 8 14
3 19 9
3 6 5
3 27 14
3 4 6
3 18 12
3 20 18
3 29 4
3 10 6
3 12 6
4 20 20
5 12 1
6 17 11
6 19 1
6 12 8
6 7 20
7 11 16
9 22 20
9 4 3
9 25 2
10 23 8
10 25 18
10 5 8
10 19 17
10 24 17
10 12 19
10 27 14
10 7 20
10 9 8
10 17 8
10 22 1
10 8 19
10 16 9
10 15 1
10 2 18
11 21 18
11 12 19
11 27 2
11 28 12
12 23 12
13 25 14
13 28 19
13 23 5
13 3 8
13 16 8
13 11 12
13 27 8
13 29 8
13 6 17
13 9 14
13 15 15
13 24 1
13 22 9
13 8 13
13 14 5
13 18 4
14 21 1
14 15 17
14 19 18
14 20 20
14 27 7
14 16 4
14 18 17
14 11 13
14 25 7
14 22 9
14 6 14
14 29 11
15 16 10
15 24 13
15 7 9
15 18 17
15 12 19
15 9 8
15 27 18
15 8 7
15 25 10
15 28 13
15 6 12
15 2 12
15 20 19
16 23 12
16 4 8
16 11 20
16 25 15
16 5 15
16 9 5
16 29 5
16 7 15
16 22 11
16 21 12
16 27 12
16 17 11
16 19 8
16 2 20
16 18 14
17 7 18
17 29 20
17 13 13
17 24 10
17 26 14
18 25 5
18 4 12
18 23 11
18 21 19
18 2 15
18 26 12
18 8 17
18 10 20
18 29 3
18 5 2
18 24 2
19 18 8
19 4 8
19 29 3
19 9 8
19 20 17
19 23 9
19 26 5
19 24 4
19 2 14
19 5 15
19 12 16
19 22 6
19 11 11
19 21 18
19 15 4
20 23 20
20 27 16
20 18 8
20 10 4
20 29 2
20 2 11
20 5 9
20 11 1
20 26 14
20 22 19
20 16 7
20 6 4
21 10 17
21 26 11
21 8 13
21 9 3
21 27 1
21 22 8
21 15 1
21 4 15
21 6 13
21 7 4
21 29 15
21 5 6
21 25 16
21 23 18
22 8 13
22 28 6
22 17 20
22 4 5
22 3 18
22 6 7
23 22 6
23 11 3
23 27 15
23 15 11
23 8 20
23 3 5
23 6 9
23 17 9
23 26 8
24 26 7
24 23 1
24 9 6
24 27 13
24 2 13
24 16 14
24 28 18
24 12 14
24 29 3
25 7 12
25 22 19
26 16 11
26 2 13
26 3 14
26 11 10
26 28 19
27 28 5
27 12 16
27 6 14
28 6 4
28 8 11
28 20 14
28 25 16
28 18 15
28 19 15
28 29 16
28 17 12
2 30 13
4 30 5
6 30 1
8 30 17
11 30 20
20 31 13
31 8 13
22 32 2
32 7 2
19 33 20
33 27 20
3 34 16
34 25 16
13 35 20
35 26 20
21 36 9
36 13 9
14 37 18
37 9 18
28 38 8
38 14 8
2 39 11
39 28 11
13 40 7
40 2 7
18 41 16
41 3 16
22 42 19
42 9 19
23 43 7
43 10 7
19 44 3
44 10 3
22 45 11
45 10 11
15 46 9
46 10 9
12 47 3
47 11 3
23 48 1
48 12 1
28 49 9
49 13 9
23 50 1
50 13 1
16 51 9
51 13 9
27 52 16
52 13 16
24 53 7
53 13 7
22 54 3
54 13 3
14 55 11
55 13 11
21 56 17
56 14 17
19 57 14
57 14 14
20 58 18
58 14 18
16 59 6
59 14 6
18 60 14
60 14 14
22 61 20
61 14 20
16 62 4
62 15 4
24 63 15
63 15 15
18 64 18
64 15 18
28 65 5
65 15 5
23 66 11
66 16 11
22 67 20
67 16 20
21 68 19
68 16 19
27 69 1
69 16 1
17 70 13
70 16 13
19 71 17
71 16 17
18 72 8
72 16 8
24 73 19
73 17 19
23 74 15
74 18 15
21 75 9
75 18 9
24 76 10
76 18 10
23 77 15
77 19 15
24 78 8
78 19 8
22 79 14
79 19 14
21 80 16
80 19 16
23 81 14
81 20 14
23 82 7
82 21 7
28 83 2
83 22 2
27 84 14
84 23 14
26 85 17
85 23 17
28 86 11
86 27 11
0 78 78 78 78 78 78 78 78 78 78 78 78 78 78 78 78 78 78 78 78 78 78 78 78 78 78 78 78 88 
0 0 83 77 83 83 83 83 83 77 83 83 83 83 83 83 83 83 83 83 83 83 83 69 83 83 83 83 83 76 
0 143 0 77 90 130 120 160 109 77 126 139 101 122 111 162 125 149 141 142 95 130 147 69 156 111 162 123 110 76 
0 40 40 0 40 40 40 40 40 40 40 40 40 40 40 40 40 40 40 40 40 40 40 40 40 40 40 40 40 45 
0 21 21 21 0 21 21 21 21 21 21 21 21 21 21 21 21 21 21 21 21 21 21 21 21 21 21 21 21 21 
0 60 60 60 60 0 60 60 60 60 60 60 60 60 60 60 60 60 60 60 60 60 60 60 60 60 60 60 60 61 
0 36 36 36 36 36 0 36 36 36 36 36 36 36 36 36 36 36 36 36 36 36 36 36 36 36 36 36 36 56 
0 20 20 20 20 20 20 0 20 20 20 20 20 20 20 20 20 20 20 20 20 20 20 20 20 20 20 20 20 37 
0 45 45 45 45 45 45 45 0 45 45 45 45 45 45 45 45 45 45 45 45 45 45 45 45 45 45 45 45 45 
0 143 90 77 90 130 120 160 109 0 126 139 101 122 111 172 125 149 141 142 95 130 147 69 156 111 186 123 110 76 
0 71 71 71 71 71 71 71 71 71 0 71 71 71 71 71 71 71 71 71 71 71 71 69 71 71 71 71 71 76 
0 35 35 35 35 35 35 35 35 35 35 0 35 35 35 35 35 35 35 35 35 35 35 35 35 35 35 35 35 35 
0 143 90 77 90 130 120 160 109 77 126 139 0 122 111 172 125 149 141 142 95 130 147 69 156 111 186 123 110 76 
0 143 90 77 90 130 120 160 109 77 126 139 101 0 111 172 125 149 141 142 95 130 147 69 156 111 183 123 110 76 
0 143 90 77 90 130 120 160 109 77 126 139 101 122 0 172 125 149 141 142 95 130 147 69 156 111 186 123 110 76 
0 143 90 77 90 130 120 160 109 77 126 139 101 122 111 0 125 149 141 142 95 130 147 69 156 111 186 123 110 76 
0 108 90 77 90 108 108 108 108 77 108 108 101 108 108 108 0 108 108 108 95 108 108 69 108 108 108 108 108 76 
0 143 90 77 90 130 120 160 109 77 126 139 101 122 111 172 125 0 141 142 95 130 147 69 156 111 186 123 110 76 
0 143 90 77 90 130 120 160 109 77 126 139 101 122 111 172 125 149 0 142 95 130 147 69 156 111 186 123 110 76 
0 143 90 77 90 130 120 160 109 77 126 139 101 122 111 153 125 149 141 0 95 130 147 69 153 111 153 123 110 76 
0 143 90 77 90 130 120 160 109 77 126 139 101 122 111 172 125 149 141 142 0 130 147 69 156 111 186 123 110 76 
0 143 90 77 90 130 120 160 109 77 126 139 101 122 111 172 125 149 141 142 95 0 147 69 156 111 178 123 110 76 
0 143 90 77 90 130 120 160 109 77 126 139 101 122 111 172 125 149 141 142 95 130 0 69 156 111 177 123 110 76 
0 143 90 77 90 130 120 160 109 77 126 139 101 122 111 168 125 149 141 142 95 130 147 0 156 111 168 123 110 76 
0 51 51 51 51 51 51 51 51 51 51 51 51 51 51 51 51 51 51 51 51 51 51 51 0 51 51 51 51 51 
0 104 90 77 90 104 104 104 104 77 104 104 101 104 104 104 104 104 104 104 95 104 104 69 104 0 104 104 104 76 
0 86 86 77 86 86 86 86 86 77 86 86 86 86 86 86 86 86 86 86 86 86 86 69 86 86 0 86 86 76 
0 143 90 77 90 130 120 158 109 77 126 139 101 122 111 158 125 149 141 142 95 130 147 69 156 111 158 0 110 76 
0 20 20 20 20 20 20 20 20 20 20 20 20 20 20 20 20 20 20 20 20 20 20 20 20 20 20 20 0 20 
0 0 0 0 0 0 0 0 0 0 0 0 0 0 0 0 0 0 0 0 0 0 0 0 0 0 0 0 0 0 
0