95 365 30 0
1 16 20
16 17 20
17 11 20
11 14 20
14 21 20
21 26 20
26 8 20
8 15 20
15 23 20
23 10 20
10 5 20
5 20 20
20 4 20
4 9 20
9 24 20
24 28 20
28 25 20
25 2 20
2 6 20
6 3 20
3 18 20
18 12 20
12 27 20
27 7 20
7 13 20
13 19 20
19 22 20
22 29 20
11 30 20
1 15 11
1 14 8
2 11 12
2 12 8
3 25 19
3 26 12
3 17 1
3 9 19
3 22 2
3 13 17
3 20 15
3 7 20
3 29 15
4 13 19
4 12 18
4 23 18
4 28 13
4 26 13
4 2 11
4 11 2
4 15 11
5 29 11
5 19 9
5 21 2
6 18 6
6 28 1
6 27 10
6 12 11
6 20 8
6 16 18
6 10 1
6 22 19
6 21 8
6 17 11
7 4 15
7 25 8
7 26 16
7 20 3
7 12 15
9 11 7
9 17 2
9 20 13
9 14 2
9 18 13
9 23 2
9 16 10
9 26 11
9 2 19
9 7 14
9 13 6
9 29 16
9 28 14
10 28 11
10 19 16
10 12 19
10 2 13
10 13 5
10 8 4
10 7 9
10 21 6
10 14 6
10 3 13
10 15 18
10 4 12
10 27 15
10 29 8
10 17 14
10 25 3
10 20 6
10 22 5
11 21 6
11 18 10
11 3 5
11 23 4
11 19 1
11 24 8
11 26 15
11 12 10
11 29 12
11 10 10
12 28 17
12 3 15
12 20 5
12 14 16
12 19 14
12 21 20
12 24 9
12 29 4
14 18 3
14 20 18
14 29 4
14 19 19
14 27 4
14 8 9
14 2 1
14 15 3
14 4 20
14 24 5
15 3 20
15 7 12
15 22 19
15 11 3
15 16 15
15 28 13
15 21 9
15 18 20
15 9 20
15 29 11
15 17 6
16 14 18
16 28 13
18 19 19
18 21 19
18 17 15
18 28 13
18 7 7
18 23 17
18 25 4
18 2 19
18 24 10
18 16 15
18 27 6
18 8 9
21 22 2
21 9 19
21 8 1
21 25 10
21 23 17
21 24 3
21 19 15
21 2 4
21 13 7
21 28 12
22 8 4
22 11 5
22 24 2
22 28 12
22 7 15
22 18 17
23 24 11
23 17 2
23 6 18
23 5 17
23 28 3
23 29 2
24 3 5
24 27 5
24 19 9
24 10 17
24 13 20
25 12 18
25 11 4
25 16 20
25 5 16
26 28 4
26 10 4
26 25 4
26 14 19
26 27 16
26 23 2
26 2 13
26 20 16
26 6 4
26 16 14
26 29 10
26 22 14
26 17 14
27 8 19
27 5 13
27 2 15
27 3 8
27 22 10
27 17 10
27 29 3
27 4 14
27 23 18
27 16 10
27 13 6
28 29 20
28 7 14
28 20 16
28 27 14
28 3 7
28 17 20
28 13 9
28 19 9
28 8 14
28 5 16
29 13 18
29 20 2
29 21 9
29 18 4
29 4 1
29 17 10
29 7 15
29 16 20
29 19 13
29 24 18
29 8 20
2 30 16
4 30 2
5 30 5
6 30 1
7 30 9
8 30 10
12 30 16
11 31 4
31 17 4
14 32 11
32 11 11
26 33 14
33 21 14
15 34 9
34 8 9
20 35 13
35 5 13
4 36 17
36 20 17
24 37 7
37 9 7
28 38 5
38 24 5
25 39 6
39 28 6
2 40 7
40 25 7
6 41 15
41 2 15
3 42 13
42 6 13
27 43 12
43 12 12
7 44 7
44 27 7
13 45 17
45 7 17
22 46 20
46 19 20
11 47 3
47 2 3
25 48 17
48 3 17
26 49 12
49 3 12
9 50 6
50 3 6
13 51 20
51 3 20
20 52 12
52 3 12
7 53 8
53 3 8
29 54 17
54 3 17
12 55 13
55 4 13
23 56 19
56 4 19
26 57 13
57 4 13
11 58 18
58 4 18
29 59 10
59 5 10
28 60 6
60 6 6
10 61 16
61 6 16
26 62 3
62 7 3
14 63 12
63 9 12
23 64 9
64 9 9
26 65 5
65 9 5
28 66 2
66 9 2
28 67 4
67 10 4
21 68 16
68 10 16
14 69 13
69 10 13
27 70 7
70 10 7
29 71 8
71 10 8
21 72 19
72 11 19
14 73 20
73 12 20
21 74 6
74 12 6
24 75 12
75 12 12
18 76 12
76 14 12
29 77 16
77 14 16
27 78 19
78 14 19
15 79 6
79 14 6
24 80 3
80 14 3
28 81 17
81 15 17
21 82 11
82 15 11
29 83 19
83 15 19
28 84 3
84 18 3
24 85 10
85 18 10
27 86 17
86 18 17
25 87 8
87 21 8
24 88 2
88 21 2
28 89 12
89 21 12
28 90 14
90 22 14
28 91 15
91 23 15
27 92 15
92 26 15
29 93 15
93 26 15
29 94 18
94 27 18
29 95 14
95 28 14
0 39 39 39 39 39 39 39 39 39 39 39 39 39 39 39 39 39 39 39 39 39 39 39 39 39 39 39 39 39 
0 0 47 47 47 47 47 47 47 47 47 47 47 47 47 47 47 47 47 47 47 47 47 47 47 47 47 47 47 63 
0 133 0 145 105 77 146 109 113 100 83 153 127 137 99 122 129 123 153 139 135 105 113 91 75 117 115 153 136 79 
0 133 142 0 105 77 142 109 113 100 83 142 127 137 99 122 129 123 142 139 135 105 113 91 75 117 115 142 136 79 
0 42 42 42 0 42 42 42 42 42 42 42 42 42 42 42 42 42 42 42 42 42 42 42 42 42 42 42 42 47 
0 128 128 128 105 0 128 109 113 100 83 128 127 128 99 122 128 123 128 128 128 105 113 91 75 117 115 128 128 79 
0 92 92 92 92 77 0 92 92 92 83 92 92 92 92 92 92 92 92 92 92 92 92 91 75 92 92 92 92 79 
0 20 20 20 20 20 20 0 20 20 20 20 20 20 20 20 20 20 20 20 20 20 20 20 20 20 20 20 20 30 
0 133 155 145 105 77 146 109 0 100 83 155 127 137 99 122 129 123 155 139 135 105 113 91 75 117 115 155 136 79 
0 133 185 145 105 77 146 109 113 0 83 169 127 137 99 122 129 123 164 139 135 105 113 91 75 117 115 166 136 79 
0 122 122 122 105 77 122 109 113 100 0 122 122 122 99 122 126 122 122 122 122 105 113 91 75 117 115 122 122 79 
0 133 133 133 105 77 133 109 113 100 83 0 127 133 99 122 129 123 133 133 133 105 113 91 75 117 115 133 133 79 
0 57 57 57 57 57 57 57 57 57 57 57 0 57 57 57 57 57 57 57 57 57 57 57 57 57 57 57 57 57 
0 133 162 145 105 77 146 109 113 100 83 162 127 0 99 122 129 123 162 139 135 105 113 91 75 117 115 162 136 79 
0 133 174 145 105 77 146 109 113 100 83 169 127 137 0 122 129 123 164 139 135 105 113 91 75 117 115 166 136 79 
0 51 51 51 51 51 51 51 51 51 51 51 51 51 51 0 51 51 51 51 51 51 51 51 51 51 51 51 51 51 
0 20 20 20 20 20 20 20 20 20 20 20 20 20 20 20 0 20 20 20 20 20 20 20 20 20 20 20 20 20 
0 133 185 145 105 77 146 109 113 100 83 169 127 137 99 122 129 0 164 139 135 105 113 91 75 117 115 166 136 79 
0 20 20 20 20 20 20 20 20 20 20 20 20 20 20 20 20 20 0 20 20 20 20 20 20 20 20 20 20 20 
0 45 45 45 45 45 45 45 45 45 45 45 45 45 45 45 45 45 45 0 45 45 45 45 45 45 45 45 45 45 
0 133 162 145 105 77 146 109 113 100 83 162 127 137 99 122 129 123 162 139 0 105 113 91 75 117 115 162 136 79 
0 75 75 75 75 75 75 75 75 75 75 75 75 75 75 75 75 75 95 75 75 0 75 75 75 75 75 75 75 75 
0 101 101 101 101 77 101 101 101 100 83 101 101 101 99 101 101 101 101 101 101 101 0 91 75 101 101 101 101 79 
0 110 110 110 105 77 110 109 110 100 83 110 110 110 99 110 110 110 110 110 110 105 110 0 75 110 110 110 110 79 
0 109 109 109 105 77 109 109 109 100 83 109 109 109 99 109 109 109 109 109 109 105 109 91 0 109 109 109 109 79 
0 133 185 145 105 77 146 109 113 100 83 169 127 137 99 122 129 123 164 139 135 105 113 91 75 0 115 166 136 79 
0 133 185 145 105 77 146 109 113 100 83 169 127 137 99 122 129 123 164 139 135 105 113 91 75 117 0 166 136 79 
0 133 185 145 105 77 146 109 113 100 83 169 127 137 99 122 129 123 164 139 135 105 113 91 75 117 115 0 136 79 
0 133 185 145 105 77 146 109 113 100 83 169 127 137 99 122 129 123 164 139 135 105 113 91 75 117 115 166 0 79 
0 0 0 0 0 0 0 0 0 0 0 0 0 0 0 0 0 0 0 0 0 0 0 0 0 0 0 0 0 0 
0