70 340 30 0
1 5 20
5 19 20
19 13 20
13 17 20
17 2 20
2 27 20
27 25 20
25 29 20
29 7 20
7 3 20
3 21 20
21 4 20
4 28 20
28 20 20
20 10 20
10 22 20
22 11 20
11 6 20
6 16 20
16 9 20
9 26 20
26 24 20
24 18 20
18 15 20
15 23 20
23 12 20
12 14 20
14 8 20
5 30 20
1 11 8
1 13 16
1 19 6
1 12 20
1 23 1
1 20 19
1 27 3
1 24 8
1 10 6
1 26 20
1 16 2
1 2 8
1 28 17
1 9 9
1 4 1
1 3 13
1 6 6
2 5 3
2 19 2
2 28 1
2 8 13
2 22 20
2 6 15
2 14 14
2 9 1
2 21 3
3 23 4
4 3 19
4 5 7
4 10 20
4 22 16
4 29 14
4 20 20
4 19 4
4 8 19
4 9 16
4 13 4
4 16 4
4 17 10
4 12 16
4 7 18
4 15 6
4 6 19
5 29 3
5 28 15
5 27 13
5 11 1
5 8 18
6 19 13
6 24 17
6 28 4
6 26 13
6 25 18
6 21 14
6 22 7
6 15 10
6 3 17
6 10 8
7 18 18
7 9 10
7 5 4
7 10 4
7 12 9
7 27 15
7 2 17
7 17 4
7 20 19
7 24 4
7 26 15
7 8 11
7 15 18
9 14 1
9 21 18
9 11 11
9 10 5
9 5 10
9 3 8
9 20 3
9 6 14
9 28 5
9 13 9
9 29 11
9 23 13
9 15 6
9 22 11
9 8 7
10 17 12
10 18 20
10 15 1
10 25 16
10 2 7
10 19 14
10 5 1
10 24 13
10 28 13
10 8 4
10 21 1
10 23 9
10 27 20
10 26 5
11 12 5
11 17 6
12 6 4
12 10 20
13 26 3
13 12 12
14 22 8
14 26 12
14 3 13
14 28 17
14 15 1
14 13 4
14 17 17
14 6 13
15 17 13
15 24 17
15 26 3
15 2 14
15 16 16
15 27 2
15 25 6
16 10 4
16 29 15
16 14 9
16 8 5
16 21 4
16 24 15
16 13 13
16 23 7
17 19 4
17 24 20
18 4 4
18 2 19
18 12 5
18 16 1
18 26 11
18 22 19
18 25 13
18 13 2
18 9 2
18 23 9
20 16 20
20 24 1
20 23 20
20 27 2
20 5 3
20 22 17
20 26 11
20 25 17
20 14 3
20 18 19
20 13 2
20 29 17
21 25 7
21 12 19
21 5 1
21 26 16
21 14 15
21 13 7
21 20 11
21 19 16
21 17 14
21 11 18
21 15 15
21 24 11
21 27 16
22 13 5
22 19 20
22 7 19
22 21 20
22 5 13
22 26 8
22 12 10
22 23 13
22 8 12
22 16 17
22 29 15
23 25 10
23 2 18
23 14 2
23 6 19
23 26 10
23 7 19
23 17 13
23 27 18
23 28 6
23 11 17
23 4 8
24 11 17
24 12 12
24 22 20
24 29 10
24 9 2
24 28 16
24 25 5
24 2 15
24 3 11
24 13 5
24 4 12
24 19 7
25 8 8
25 26 12
25 17 9
25 13 17
26 11 2
26 4 17
26 27 4
26 2 11
26 5 16
27 3 18
27 24 10
27 28 14
27 11 11
28 13 9
4 30 17
6 30 20
10 30 1
11 30 19
13 30 9
16 30 8
18 30 7
20 30 12
21 30 2
22 30 6
23 30 4
24 30 7
25 30 8
26 30 10
27 30 5
28 30 13
29 30 20
2 31 1
31 17 1
7 32 12
32 29 12
3 33 8
33 7 8
10 34 8
34 20 8
6 35 18
35 11 18
16 36 4
36 6 4
22 37 2
37 2 2
23 38 13
38 3 13
10 39 7
39 4 7
20 40 20
40 4 20
9 41 5
41 4 5
17 42 11
42 4 11
7 43 7
43 4 7
6 44 17
44 4 17
25 45 9
45 6 9
21 46 15
46 6 15
9 47 2
47 7 2
24 48 20
48 7 20
26 49 10
49 7 10
21 50 9
50 9 9
20 51 7
51 9 7
23 52 12
52 9 12
15 53 19
53 9 19
25 54 14
54 10 14
28 55 15
55 10 15
23 56 19
56 10 19
26 57 1
57 10 1
22 58 19
58 14 19
15 59 15
59 14 15
24 60 8
60 16 8
24 61 5
61 17 5
26 62 5
62 18 5
22 63 10
63 18 10
25 64 18
64 18 18
23 65 5
65 18 5
24 66 6
66 20 6
27 67 11
67 20 11
22 68 20
68 20 20
27 69 12
69 21 12
26 70 11
70 23 11
0 131 132 129 78 138 116 117 107 136 123 128 113 98 77 88 124 115 106 137 92 138 107 136 112 159 113 128 117 183 
0 0 80 80 58 80 80 93 80 80 80 80 80 80 77 80 80 80 80 80 80 80 80 80 80 80 80 80 80 80 
0 32 0 32 32 32 32 32 32 32 32 32 32 32 32 32 32 32 32 32 32 32 32 32 32 32 32 32 32 32 
0 123 119 0 58 132 116 117 98 130 115 108 97 98 77 86 124 115 100 118 92 138 106 128 112 139 110 111 117 188 
0 52 52 52 0 52 52 70 52 52 52 52 52 52 52 52 52 52 52 52 52 52 52 52 52 52 52 52 52 72 
0 123 119 128 58 0 116 117 98 130 115 108 97 98 77 86 124 115 100 118 92 138 106 128 112 139 110 111 117 188 
0 123 119 128 58 132 0 117 98 130 115 108 97 98 77 86 124 115 100 118 92 138 106 128 112 139 110 111 117 176 
0 0 0 0 0 0 0 0 0 0 0 0 0 0 0 0 0 0 0 0 0 0 0 0 0 0 0 0 0 0 
0 123 119 128 58 132 116 117 0 130 115 108 97 98 77 86 124 115 100 118 92 138 106 128 112 139 110 111 117 152 
0 123 119 128 58 132 116 117 98 0 115 108 97 98 77 86 124 115 100 118 92 138 106 128 112 139 110 111 117 168 
0 31 31 31 31 31 31 31 31 31 0 31 31 31 31 31 31 31 31 31 31 31 31 31 31 31 31 31 31 50 
0 44 44 44 44 44 44 44 44 44 44 0 44 44 44 44 44 44 44 44 44 44 44 44 44 44 44 44 44 44 
0 35 35 35 35 35 35 35 35 35 35 35 0 35 35 35 35 35 35 35 35 35 35 35 35 35 35 35 35 44 
0 85 85 85 58 85 85 105 85 85 85 85 85 0 77 85 85 85 85 85 85 85 85 85 85 85 85 85 85 85 
0 123 119 125 58 125 116 117 98 125 115 108 97 98 0 86 124 115 100 118 92 125 106 125 112 125 110 111 117 125 
0 91 91 91 58 91 91 96 91 91 91 91 91 91 77 0 91 91 91 91 91 91 91 91 91 91 91 91 91 99 
0 55 55 55 55 55 55 55 55 55 55 55 55 55 55 55 0 55 55 55 55 55 55 55 55 55 55 55 55 55 
0 105 105 105 58 105 105 105 98 105 105 105 97 98 77 86 105 0 100 105 92 105 105 105 105 105 105 105 105 112 
0 20 20 20 20 20 20 20 20 20 20 20 20 20 20 20 20 20 0 20 20 20 20 20 20 20 20 20 20 20 
0 123 119 128 58 132 116 117 98 130 115 108 97 98 77 86 124 115 100 0 92 138 106 128 112 139 110 111 117 188 
0 123 119 128 58 132 116 117 98 130 115 108 97 98 77 86 124 115 100 118 0 138 106 128 112 139 110 111 117 188 
0 123 119 128 58 132 116 117 98 130 115 108 97 98 77 86 124 115 100 118 92 0 106 128 112 139 110 111 117 188 
0 123 119 128 58 132 116 117 98 130 115 108 97 98 77 86 124 115 100 118 92 138 0 128 112 139 110 111 117 188 
0 123 119 128 58 132 116 117 98 130 115 108 97 98 77 86 124 115 100 118 92 138 106 0 112 139 110 111 117 188 
0 99 99 99 58 99 99 107 98 99 99 99 97 98 77 86 99 99 99 99 92 99 99 99 0 99 99 99 99 107 
0 97 97 97 58 97 97 97 97 97 97 97 97 97 77 86 97 97 97 97 92 97 97 97 97 0 97 97 97 107 
0 96 96 96 58 96 96 96 96 96 96 96 96 96 77 86 96 96 96 96 92 96 96 96 96 96 0 96 96 101 
0 44 44 44 44 44 44 44 44 44 44 44 44 44 44 44 44 44 44 44 44 44 44 44 44 44 44 0 44 57 
0 20 20 20 20 20 20 20 20 20 20 20 20 20 20 20 20 20 20 20 20 20 20 20 20 20 20 20 0 40 
0 0 0 0 0 0 0 0 0 0 0 0 0 0 0 0 0 0 0 0 0 0 0 0 0 0 0 0 0 0 
0