77 347 30 0
1 7 20
7 6 20
6 26 20
26 5 20
5 13 20
13 10 20
10 23 20
23 24 20
24 28 20
28 12 20
12 15 20
15 16 20
16 25 20
25 18 20
18 17 20
17 8 20
8 11 20
11 4 20
4 21 20
21 20 20
20 9 20
9 19 20
19 2 20
2 14 20
14 3 20
3 29 20
29 27 20
27 22 20
26 30 20
1 24 19
2 5 10
2 4 20
2 20 20
2 11 12
3 11 15
3 9 17
4 9 8
4 7 2
4 12 4
4 28 4
4 24 12
4 27 9
4 3 8
4 29 7
4 16 4
4 13 4
4 5 7
4 6 10
4 10 13
4 19 18
4 14 15
4 18 1
4 22 13
5 25 17
5 3 6
5 9 14
6 9 4
6 14 15
6 27 4
6 21 8
6 28 13
6 11 13
6 5 8
6 16 10
6 20 15
6 25 8
6 12 9
6 10 11
6 29 11
7 29 15
8 25 15
8 10 19
9 24 14
9 17 17
9 2 12
9 8 6
9 22 14
9 12 15
9 25 6
10 12 17
10 27 18
10 16 4
10 22 11
10 2 4
10 25 16
10 9 4
10 15 3
10 29 15
10 7 19
10 28 17
10 20 19
10 5 8
10 14 5
10 24 5
11 26 18
11 15 15
11 10 8
11 28 16
11 23 16
11 19 16
12 20 6
13 7 18
13 16 1
13 3 1
13 11 12
13 6 11
13 20 6
13 24 4
13 18 19
13 14 12
13 27 17
13 25 12
13 8 4
13 22 11
13 28 14
13 2 2
14 22 3
14 27 16
14 7 20
14 25 17
14 9 12
14 8 2
14 16 6
14 11 16
14 18 10
14 21 20
14 26 8
14 15 18
14 17 15
14 29 6
14 23 18
15 5 19
15 21 18
15 19 3
15 7 17
15 2 14
15 8 3
16 20 13
16 27 6
16 23 20
16 8 15
17 26 13
17 29 17
17 4 17
17 16 8
17 20 12
17 5 4
17 21 10
17 11 10
18 26 10
18 3 11
18 23 4
18 9 7
18 21 14
18 6 2
18 20 5
20 22 16
20 11 10
20 7 14
21 27 12
21 10 16
21 8 14
21 28 10
22 12 3
22 6 20
22 25 1
22 16 5
22 18 16
22 23 7
22 26 10
22 11 13
22 19 5
23 9 14
23 17 19
23 19 17
23 20 11
23 5 3
23 25 3
24 25 17
25 29 19
25 20 4
25 28 16
25 19 9
25 26 3
25 2 9
25 11 16
25 4 18
25 7 4
25 17 1
26 4 10
26 27 5
26 23 14
26 24 7
26 8 15
26 20 3
26 9 1
26 16 15
26 2 4
26 29 15
26 15 2
26 10 17
27 23 9
27 12 9
27 19 13
27 18 4
27 15 4
27 7 10
27 20 15
27 25 7
27 24 18
27 9 10
27 3 7
27 5 11
28 27 20
28 15 2
28 5 7
28 16 17
28 22 10
28 26 15
28 2 7
28 7 20
28 18 2
28 17 15
28 14 20
28 20 1
29 8 18
29 23 14
29 2 2
29 20 20
29 5 13
29 21 19
29 13 15
29 19 20
29 11 18
29 24 17
29 18 1
2 30 7
3 30 8
7 30 5
8 30 5
10 30 20
13 30 10
15 30 7
19 30 2
20 30 11
21 30 20
22 30 6
23 30 4
24 30 16
25 30 13
27 30 4
28 30 20
29 30 12
26 31 9
31 6 9
13 32 18
32 5 18
10 33 7
33 13 7
23 34 20
34 10 20
28 35 4
35 24 4
25 36 7
36 16 7
9 37 14
37 20 14
14 38 6
38 2 6
29 39 11
39 3 11
27 40 17
40 29 17
22 41 14
41 27 14
11 42 10
42 3 10
28 43 1
43 4 1
29 44 16
44 4 16
14 45 4
45 4 4
18 46 14
46 4 14
27 47 10
47 6 10
28 48 6
48 6 6
10 49 5
49 6 5
25 50 20
50 8 20
25 51 3
51 9 3
27 52 14
52 10 14
29 53 8
53 10 8
28 54 11
54 10 11
14 55 11
55 10 11
26 56 7
56 11 7
28 57 1
57 11 1
23 58 18
58 11 18
18 59 12
59 13 12
22 60 12
60 14 12
25 61 17
61 14 17
16 62 1
62 14 1
29 63 1
63 14 1
23 64 20
64 14 20
27 65 13
65 16 13
26 66 20
66 17 20
22 67 12
67 20 12
27 68 3
68 21 3
28 69 20
69 21 20
23 70 5
70 22 5
26 71 4
71 22 4
25 72 9
72 23 9
25 73 12
73 24 12
29 74 3
74 25 3
26 75 6
75 25 6
27 76 3
76 26 3
29 77 20
77 26 20
0 39 39 39 39 39 39 39 39 39 39 39 39 39 39 39 39 39 39 39 39 39 39 39 39 39 39 39 39 39 
0 0 74 82 82 82 82 82 82 82 82 77 58 82 64 82 82 73 82 82 82 82 82 82 82 82 82 82 82 89 
0 52 0 52 52 52 52 52 52 52 52 52 52 52 52 52 52 52 52 52 52 52 52 52 52 52 52 52 52 60 
0 80 74 0 128 93 124 117 114 159 159 77 58 138 64 110 107 73 121 159 132 107 131 113 148 120 141 110 142 159 
0 57 57 57 0 57 57 57 57 57 57 57 57 57 57 57 57 57 57 57 57 57 57 57 57 57 57 57 57 57 
0 80 74 120 128 0 124 117 114 149 149 77 58 138 64 110 107 73 121 149 132 107 131 113 148 120 141 110 142 149 
0 35 35 35 35 35 0 35 35 35 35 35 35 35 35 35 35 35 35 35 35 35 35 35 35 35 35 35 35 40 
0 54 54 54 54 54 54 0 54 54 54 54 54 54 54 54 54 54 54 54 54 54 54 54 54 54 54 54 54 59 
0 80 74 118 118 93 118 117 0 118 118 77 58 118 64 110 107 73 118 118 118 107 118 113 118 118 118 110 118 118 
0 80 74 120 128 93 124 117 114 0 181 77 58 138 64 110 107 73 121 196 132 107 131 113 148 120 141 110 142 190 
0 80 74 119 119 93 119 117 114 119 0 77 58 119 64 110 107 73 119 119 119 107 119 113 119 119 119 110 119 119 
0 26 26 26 26 26 26 26 26 26 26 0 26 26 26 26 26 26 26 26 26 26 26 26 26 26 26 26 26 26 
0 80 74 120 128 93 124 117 114 168 181 77 0 138 64 110 107 73 121 182 132 107 131 113 148 120 141 110 142 190 
0 80 74 120 128 93 124 117 114 168 181 77 58 0 64 110 107 73 121 196 132 107 131 113 148 120 141 110 142 190 
0 80 74 94 94 93 94 94 94 94 94 77 58 94 0 94 94 73 94 94 94 94 94 94 94 94 94 94 94 101 
0 75 74 75 75 75 75 75 75 75 75 75 58 75 64 0 75 73 75 75 75 75 75 75 75 75 75 75 75 75 
0 80 74 111 111 93 111 111 111 111 111 77 58 111 64 110 0 73 111 111 111 107 111 111 111 111 111 110 111 111 
0 80 74 99 99 93 99 99 99 99 99 77 58 99 64 99 99 0 99 99 99 99 99 99 99 99 99 99 99 99 
0 20 20 20 20 20 20 20 20 20 20 20 20 20 20 20 20 20 0 20 20 20 20 20 20 20 20 20 20 22 
0 60 60 60 60 60 60 60 60 60 60 60 58 60 60 60 60 60 60 0 60 60 60 60 60 60 60 60 60 71 
0 72 72 72 72 72 72 72 72 72 72 72 58 72 64 72 72 72 72 72 0 72 72 72 72 72 72 72 72 92 
0 80 74 118 118 93 118 117 114 118 118 77 58 118 64 110 107 73 118 118 118 0 118 113 118 118 118 110 118 124 
0 80 74 120 128 93 124 117 114 150 150 77 58 138 64 110 107 73 121 150 132 107 0 113 148 120 141 110 142 154 
0 37 37 37 37 37 37 37 37 37 37 37 37 37 37 37 37 37 37 37 37 37 37 0 37 37 37 37 37 53 
0 80 74 120 128 93 124 117 114 168 181 77 58 138 64 110 107 73 121 187 132 107 131 113 0 120 141 110 142 190 
0 80 74 120 128 93 124 117 114 168 174 77 58 138 64 110 107 73 121 174 132 107 131 113 148 0 141 110 142 190 
0 80 74 120 128 93 124 117 114 168 181 77 58 138 64 110 107 73 121 196 132 107 131 113 148 120 0 110 142 190 
0 80 74 120 128 93 124 117 114 168 181 77 58 138 64 110 107 73 121 196 132 107 131 113 148 120 141 0 142 190 
0 80 74 120 128 93 124 117 114 168 181 77 58 138 64 110 107 73 121 196 132 107 131 113 148 120 141 110 0 190 
0 0 0 0 0 0 0 0 0 0 0 0 0 0 0 0 0 0 0 0 0 0 0 0 0 0 0 0 0 0 
0