80 350 30 0
1 23 20
23 10 20
10 6 20
6 11 20
11 21 20
21 29 20
29 25 20
25 26 20
26 19 20
19 8 20
8 18 20
18 3 20
3 5 20
5 20 20
20 4 20
4 28 20
28 15 20
15 13 20
13 22 20
22 12 20
12 17 20
17 27 20
27 2 20
2 16 20
16 24 20
24 9 20
9 14 20
14 7 20
8 30 20
1 11 7
1 7 5
1 3 17
1 27 8
1 24 1
1 28 8
1 14 16
1 4 19
1 16 6
1 12 14
2 19 12
2 13 16
2 29 7
2 28 4
2 22 9
2 5 10
2 23 3
2 20 5
2 24 5
3 12 13
3 23 5
3 17 10
3 22 4
3 26 19
3 7 10
3 10 20
4 8 18
4 11 6
4 22 1
4 23 4
4 29 6
4 12 15
4 17 18
4 16 12
4 2 17
4 25 16
4 10 1
4 18 1
4 24 5
5 23 16
5 29 15
5 9 2
5 6 10
5 27 20
5 21 4
5 16 7
5 4 5
5 17 15
5 13 12
5 12 4
6 28 8
6 17 17
6 23 20
6 8 18
6 21 20
6 18 11
6 19 9
6 27 2
6 13 17
6 24 17
6 12 14
6 3 7
6 25 9
7 13 2
7 6 16
8 24 3
8 13 20
10 11 2
10 28 12
10 25 11
10 5 9
10 17 4
10 7 19
11 12 13
11 18 5
11 27 8
11 2 8
11 14 11
11 8 13
11 17 14
11 28 20
11 3 2
12 15 9
12 28 12
13 14 5
13 28 12
13 20 19
13 9 20
13 21 18
13 3 2
13 18 16
13 10 14
14 18 20
14 5 2
14 12 1
14 26 1
14 2 12
14 24 19
15 27 17
15 10 7
15 6 12
15 3 2
15 9 16
15 23 17
16 21 4
16 17 9
16 22 11
16 20 6
16 28 20
16 6 11
16 25 1
16 15 3
16 10 2
17 14 13
17 18 13
17 2 7
17 20 8
17 15 13
17 13 5
18 29 10
18 21 9
18 20 12
18 22 7
18 2 19
18 27 15
19 21 17
19 10 19
19 7 18
19 17 5
19 28 6
19 14 17
19 25 18
19 3 11
20 27 17
21 17 7
21 10 13
21 14 10
21 27 18
21 8 6
21 4 20
21 7 19
21 23 10
22 6 9
22 9 14
22 26 12
22 27 20
22 11 6
22 15 7
22 17 8
22 23 12
22 8 6
22 25 16
22 5 20
22 28 10
22 7 5
22 10 4
24 21 9
24 20 18
24 27 10
24 23 17
24 13 12
24 19 16
24 25 5
24 7 3
24 18 2
25 27 6
25 14 17
25 21 7
25 7 7
25 23 7
26 5 10
26 18 9
26 16 13
26 28 1
26 6 20
26 2 11
26 12 15
26 15 3
26 20 7
26 27 7
27 16 6
27 28 17
27 8 5
27 29 14
27 3 11
27 7 19
27 14 12
27 23 4
27 4 14
27 13 18
27 19 6
28 17 15
28 25 11
28 29 20
28 23 4
28 18 1
28 20 20
28 3 1
28 14 13
28 5 13
28 9 16
29 17 19
29 3 7
29 26 12
29 7 17
29 19 7
29 13 10
29 9 19
29 8 2
29 12 11
29 24 13
29 20 19
29 11 11
29 23 20
2 30 19
4 30 12
5 30 13
7 30 15
10 30 14
12 30 3
14 30 14
21 31 2
31 11 2
29 32 18
32 21 18
19 33 10
33 26 10
3 34 10
34 18 10
28 35 10
35 4 10
22 36 6
36 13 6
27 37 1
37 17 1
2 38 14
38 27 14
16 39 15
39 2 15
14 40 10
40 9 10
13 41 16
41 2 16
29 42 13
42 2 13
28 43 5
43 2 5
22 44 8
44 2 8
5 45 10
45 2 10
23 46 5
46 2 5
17 47 3
47 3 3
22 48 18
48 3 18
26 49 5
49 3 5
10 50 4
50 3 4
8 51 16
51 4 16
11 52 7
52 4 7
22 53 19
53 4 19
17 54 12
54 4 12
24 55 2
55 4 2
29 56 18
56 5 18
27 57 7
57 5 7
16 58 19
58 5 19
27 59 19
59 6 19
13 60 20
60 8 20
28 61 20
61 10 20
12 62 14
62 11 14
27 63 11
63 11 11
28 64 16
64 12 16
28 65 14
65 13 14
18 66 19
66 14 19
28 67 13
67 16 13
18 68 13
68 17 13
29 69 9
69 18 9
22 70 16
70 18 16
28 71 16
71 19 16
27 72 3
72 21 3
27 73 12
73 22 12
25 74 12
74 22 12
28 75 12
75 22 12
27 76 1
76 25 1
28 77 8
77 26 8
27 78 19
78 26 19
29 79 5
79 27 5
29 80 1
80 28 1
0 121 110 121 121 117 121 108 117 120 79 121 121 121 55 77 121 121 86 121 121 88 121 83 108 101 121 121 92 110 
0 0 93 105 105 105 105 105 105 105 72 105 105 105 55 71 105 105 86 105 105 88 105 82 105 101 105 105 92 110 
0 111 0 111 111 111 111 108 111 111 72 111 111 111 55 71 111 111 86 111 111 88 111 82 108 101 111 111 92 110 
0 140 93 0 128 117 137 108 117 120 72 122 140 137 55 71 140 133 86 134 129 88 139 82 108 101 140 140 92 110 
0 140 93 125 0 117 137 108 117 120 72 122 140 137 55 71 140 133 86 134 129 88 139 82 108 101 140 140 92 110 
0 166 93 125 128 0 137 108 117 120 72 122 152 137 55 71 175 133 86 134 129 88 139 82 108 101 179 143 92 110 
0 18 18 18 18 18 0 18 18 18 18 18 18 18 18 18 18 18 18 18 18 18 18 18 18 18 18 18 18 33 
0 59 59 59 59 59 59 0 59 59 59 59 59 59 55 59 59 59 59 59 59 59 59 59 59 59 59 59 59 79 
0 20 20 20 20 20 20 20 0 20 20 20 20 20 20 20 20 20 20 20 20 20 20 20 20 20 20 20 20 20 
0 80 80 80 80 80 81 80 80 0 72 80 80 80 55 71 80 80 80 80 80 80 80 80 80 80 80 80 80 95 
0 121 93 121 121 117 121 108 117 120 0 121 121 121 55 71 121 121 86 121 121 88 121 82 108 101 121 121 92 110 
0 55 55 55 55 55 55 55 55 55 55 0 55 55 55 55 55 55 55 55 55 55 55 55 55 55 55 55 55 58 
0 162 93 125 128 117 137 108 117 120 72 122 0 137 55 71 162 133 86 134 129 88 139 82 108 101 162 143 92 110 
0 73 73 73 73 73 75 73 83 73 72 73 73 0 55 71 73 73 73 73 73 73 73 73 73 73 73 73 73 89 
0 91 91 91 91 91 91 91 91 91 72 91 91 91 0 71 91 91 86 91 91 88 91 82 91 91 91 91 91 91 
0 121 93 121 121 117 121 108 117 120 72 121 121 121 55 0 121 121 86 121 121 88 121 82 108 101 121 121 92 110 
0 94 93 94 94 94 94 94 94 94 72 94 94 94 55 71 0 94 86 94 94 88 94 82 94 94 94 94 92 94 
0 124 93 124 124 117 124 108 117 120 72 122 124 124 55 71 124 0 86 124 124 88 124 82 108 101 124 124 92 110 
0 141 93 125 128 117 137 108 117 120 72 122 141 137 55 71 141 133 0 134 129 88 139 82 108 101 141 141 92 110 
0 37 37 37 37 37 37 37 37 37 37 37 37 37 37 37 37 37 37 0 37 37 37 37 37 37 37 37 37 37 
0 124 93 124 124 117 125 108 117 120 72 122 124 124 55 71 124 124 86 124 0 88 124 82 108 101 124 124 92 110 
0 166 93 125 128 117 137 108 117 120 72 122 152 137 55 71 175 133 86 134 129 0 139 82 108 101 179 143 92 110 
0 25 25 25 25 25 25 25 25 25 25 25 25 25 25 25 25 25 25 25 25 25 0 25 25 25 25 25 25 25 
0 114 93 114 114 114 114 108 114 114 72 114 114 114 55 71 114 114 86 114 114 88 114 0 108 101 114 114 92 110 
0 76 76 76 76 76 76 76 76 76 72 76 76 76 55 71 76 76 76 76 76 76 76 76 0 76 76 76 76 76 
0 121 93 121 121 117 121 108 117 120 72 121 121 121 55 71 121 121 86 121 121 88 121 82 108 0 121 121 92 110 
0 166 93 125 128 117 137 108 117 120 72 122 152 137 55 71 175 133 86 134 129 88 139 82 108 101 0 143 92 110 
0 166 93 125 128 117 137 108 117 120 72 122 152 137 55 71 175 133 86 134 129 88 139 82 108 101 179 0 92 110 
0 166 93 125 128 117 137 108 117 120 72 122 152 137 55 71 175 133 86 134 129 88 139 82 108 101 179 143 0 110 
0 0 0 0 0 0 0 0 0 0 0 0 0 0 0 0 0 0 0 0 0 0 0 0 0 0 0 0 0 0 
0