60 330 30 0
1 29 20
29 12 20
12 16 20
16 2 20
2 27 20
27 25 20
25 5 20
5 8 20
8 6 20
6 22 20
22 4 20
4 3 20
3 9 20
9 21 20
21 23 20
23 28 20
28 26 20
26 20 20
20 15 20
15 18 20
18 7 20
7 14 20
14 13 20
13 10 20
10 11 20
11 19 20
19 17 20
17 24 20
12 30 20
1 16 6
1 15 5
1 11 10
1 23 16
1 28 6
1 5 14
1 27 19
1 26 17
1 25 11
1 7 18
1 2 20
1 9 4
1 4 11
1 21 19
1 6 6
1 24 13
1 30 10
2 19 2
2 10 13
2 9 2
2 22 9
2 20 16
2 21 1
2 29 2
2 11 19
2 28 17
2 13 19
2 15 6
2 4 7
2 8 5
2 7 18
3 10 14
4 13 7
4 11 4
4 23 12
4 27 10
4 17 16
4 28 10
4 29 1
4 9 7
5 28 9
5 13 12
5 12 16
5 29 8
5 16 10
5 21 7
5 2 14
5 26 17
5 4 11
6 26 17
6 23 6
6 19 2
7 10 18
7 5 5
7 23 13
7 8 4
7 28 4
7 19 12
7 24 13
7 17 20
7 22 18
7 3 11
7 11 12
7 26 16
7 25 9
8 11 2
8 24 3
8 15 6
8 28 11
8 20 3
8 12 14
8 3 12
9 8 10
9 15 8
9 20 7
9 18 2
9 29 6
9 11 17
9 23 16
9 14 10
9 5 10
9 26 3
10 5 5
10 22 18
11 17 19
11 28 1
11 22 19
11 27 6
11 21 14
12 7 8
12 11 7
12 9 7
12 2 2
12 13 8
13 11 13
13 24 13
13 20 8
13 23 17
13 8 18
13 29 11
13 17 17
13 15 19
13 28 15
13 18 14
13 7 1
14 12 8
14 5 17
14 16 20
14 4 13
14 22 8
14 27 10
14 11 4
14 10 9
14 24 3
14 23 13
14 29 15
14 8 12
14 17 9
14 18 5
14 6 11
14 15 10
14 28 17
15 10 5
15 11 1
15 7 4
15 29 19
15 27 12
15 3 15
15 23 11
15 22 1
15 24 13
15 25 14
15 6 18
16 7 9
16 22 5
16 13 20
17 2 14
17 26 6
17 20 3
17 3 11
17 27 7
17 23 15
17 18 8
18 20 8
18 11 5
19 13 13
19 20 17
19 29 13
19 15 1
19 23 14
19 12 5
19 9 3
19 18 5
19 4 4
19 14 11
19 8 18
19 3 12
20 25 16
20 12 17
20 6 11
21 14 12
21 16 17
21 13 4
21 3 14
21 17 18
21 20 20
21 22 17
22 8 18
22 18 11
23 22 14
23 29 18
23 16 9
23 2 13
23 5 5
23 27 10
23 12 7
23 26 5
23 3 5
24 11 20
24 16 16
24 26 12
24 12 4
24 29 6
24 28 20
24 23 20
24 21 12
24 19 19
24 9 6
24 22 3
24 5 17
24 27 8
25 12 11
25 18 6
25 22 11
25 24 20
25 19 5
25 13 2
25 23 19
25 10 3
25 4 13
26 11 15
26 13 17
26 14 15
26 27 20
26 21 1
26 22 16
26 4 4
26 18 18
27 12 16
27 7 7
27 16 13
27 5 15
27 20 16
27 6 10
27 13 14
27 29 7
27 8 8
27 18 10
27 19 10
27 10 5
27 22 10
29 28 20
3 30 13
5 30 3
7 30 18
8 30 1
10 30 16
11 30 4
16 30 1
18 30 2
19 30 2
20 30 2
21 30 3
22 30 11
23 30 5
24 30 8
25 30 11
26 30 4
27 30 16
28 30 4
29 30 1
9 31 10
31 3 10
23 32 6
32 21 6
20 33 7
33 26 7
11 34 11
34 10 11
19 35 14
35 11 14
24 36 6
36 17 6
9 37 20
37 2 20
15 38 12
38 2 12
7 39 20
39 2 20
13 40 1
40 4 1
27 41 14
41 4 14
9 42 12
42 4 12
13 43 6
43 5 6
12 44 19
44 5 19
26 45 10
45 6 10
23 46 8
46 6 8
10 47 18
47 7 18
23 48 8
48 7 8
15 49 11
49 8 11
15 50 4
50 9 4
23 51 17
51 9 17
21 52 5
52 11 5
13 53 7
53 12 7
27 54 1
54 14 1
17 55 18
55 14 18
15 56 8
56 14 8
23 57 18
57 15 18
24 58 14
58 15 14
27 59 4
59 17 4
27 60 9
60 26 9
0 135 110 110 133 94 111 124 70 98 168 125 136 95 107 111 129 99 70 118 80 169 192 98 70 129 122 150 126 155 
0 0 110 99 119 88 93 124 66 98 156 125 136 95 102 105 129 99 70 118 61 156 156 85 59 112 103 144 106 145 
0 34 0 34 34 34 34 34 34 34 34 34 34 34 34 34 34 34 34 34 34 34 34 34 34 34 34 34 34 47 
0 87 87 0 87 87 87 87 66 87 87 87 87 87 87 87 87 87 70 87 61 87 87 85 59 87 87 87 87 87 
0 115 110 99 0 88 93 124 66 98 124 124 124 95 102 105 124 99 70 118 61 124 124 85 59 112 103 124 106 127 
0 45 45 45 45 0 45 45 45 45 45 45 45 45 45 45 45 45 45 45 45 45 45 45 45 45 45 45 45 45 
0 115 110 99 119 88 0 124 66 98 158 125 136 95 102 105 129 99 70 118 61 169 176 85 59 112 103 144 106 145 
0 71 71 71 71 71 71 0 66 71 71 71 71 71 71 71 71 71 70 71 61 71 71 71 59 71 71 71 71 72 
0 115 110 99 119 88 93 124 0 98 151 125 136 95 102 105 129 99 70 118 61 151 151 85 59 112 103 144 106 145 
0 61 61 61 61 61 61 61 61 0 61 61 61 61 61 61 61 61 61 61 61 61 61 61 59 61 61 61 61 77 
0 90 90 90 90 88 90 90 66 90 0 90 90 90 90 90 90 90 70 90 61 90 90 85 59 90 90 90 90 94 
0 71 71 71 71 71 71 71 66 71 71 0 71 71 71 71 71 71 70 71 61 71 71 71 59 71 71 71 71 91 
0 115 110 99 119 88 93 124 66 98 158 125 0 95 102 105 129 99 70 118 61 169 176 85 59 112 103 144 106 145 
0 115 110 99 119 88 93 124 66 98 158 125 136 0 102 105 129 99 70 118 61 169 176 85 59 112 103 144 106 145 
0 115 110 99 119 88 93 124 66 98 158 125 136 95 0 105 129 99 70 118 61 168 168 85 59 112 103 144 106 145 
0 54 54 54 54 54 54 54 54 54 54 54 54 54 54 0 54 54 54 54 54 54 54 54 54 54 54 54 54 55 
0 102 102 99 102 88 93 102 66 98 102 102 102 95 102 102 0 99 70 102 61 102 102 85 59 102 102 102 102 102 
0 33 33 33 33 33 33 33 33 33 33 33 33 33 33 33 33 0 33 33 33 33 33 33 33 33 33 33 33 35 
0 115 110 99 119 88 93 124 66 98 150 125 136 95 102 105 129 99 0 118 61 150 150 85 59 112 103 144 106 145 
0 71 71 71 71 71 71 71 66 71 71 71 71 71 71 71 71 71 70 0 61 71 71 71 59 71 71 71 71 73 
0 115 110 99 119 88 93 124 66 98 127 125 127 95 102 105 127 99 70 118 0 127 127 85 59 112 103 127 106 130 
0 49 49 49 49 49 49 49 49 49 49 49 49 49 49 49 49 49 49 49 49 0 49 49 49 49 49 49 49 60 
0 115 110 99 119 88 93 124 66 98 158 125 136 95 102 105 129 99 70 118 61 163 0 85 59 112 103 144 106 145 
0 115 110 99 119 88 93 124 66 98 158 125 136 95 102 105 129 99 70 118 61 169 176 0 59 112 103 144 106 145 
0 110 110 99 110 88 93 110 66 98 110 110 110 95 102 105 110 99 70 110 61 110 110 85 0 110 103 110 106 121 
0 115 110 99 119 88 93 124 66 98 136 125 136 95 102 105 129 99 70 118 61 136 136 85 59 0 103 136 106 140 
0 115 110 99 119 88 93 124 66 98 158 125 136 95 102 105 129 99 70 118 61 169 176 85 59 112 0 144 106 145 
0 20 20 20 20 20 20 20 20 20 20 20 20 20 20 20 20 20 20 20 20 20 20 20 20 20 20 0 20 24 
0 40 40 40 40 40 40 40 40 40 40 40 40 40 40 40 40 40 40 40 40 40 40 40 40 40 40 40 0 41 
0 0 0 0 0 0 0 0 0 0 0 0 0 0 0 0 0 0 0 0 0 0 0 0 0 0 0 0 0 0 
0