78 348 30 0
1 25 20
25 26 20
26 15 20
15 2 20
2 20 20
20 6 20
6 18 20
18 5 20
5 3 20
3 8 20
8 12 20
12 7 20
7 24 20
24 27 20
27 23 20
23 22 20
22 13 20
13 28 20
28 16 20
16 17 20
17 14 20
14 11 20
11 10 20
10 9 20
9 19 20
19 4 20
4 29 20
29 21 20
12 30 20
1 13 12
1 12 14
1 19 17
1 4 5
1 8 8
1 22 16
1 26 20
1 16 12
1 15 5
1 6 4
1 28 6
1 2 17
1 29 5
1 18 6
1 27 16
1 20 13
1 7 10
1 9 12
1 5 11
2 22 12
2 4 4
2 16 9
2 3 11
2 10 15
2 7 4
2 18 14
2 12 20
2 19 19
2 6 7
2 5 2
2 23 6
2 24 1
2 27 15
2 11 13
2 28 1
2 9 8
2 8 17
3 24 11
3 7 16
3 27 19
3 9 10
4 14 14
4 23 9
4 25 6
4 21 14
4 9 8
4 20 7
4 24 18
5 21 11
5 25 15
5 29 3
5 20 5
5 23 11
5 13 17
5 15 6
5 10 4
5 11 4
5 16 11
5 4 10
5 9 9
5 17 18
6 16 4
6 14 19
6 3 16
6 17 1
6 28 9
6 29 1
6 19 20
6 12 6
6 8 7
6 21 6
6 15 20
6 7 6
6 23 12
6 22 18
7 10 14
7 17 2
7 8 20
7 15 10
8 29 13
8 22 10
8 15 2
8 20 14
8 26 10
8 11 9
8 10 10
8 24 19
8 4 5
8 14 10
8 23 6
8 16 14
8 19 17
9 24 10
11 19 13
11 13 13
11 27 9
11 26 1
11 29 13
11 17 2
11 16 17
11 4 17
11 24 10
11 21 17
11 3 19
12 5 15
12 18 12
12 3 10
12 19 5
12 17 16
12 16 16
13 2 12
13 7 18
13 17 6
13 29 1
13 27 2
13 3 9
13 6 19
13 23 17
13 20 11
13 25 6
13 18 12
13 14 10
13 15 13
14 28 2
14 27 13
14 18 16
14 12 11
14 2 14
14 22 3
14 26 1
14 3 8
14 19 18
14 5 12
14 7 8
15 12 16
15 4 4
15 10 16
15 29 5
15 19 1
15 24 19
15 14 13
15 18 1
15 17 19
16 22 1
16 27 15
16 20 2
16 3 15
16 10 17
16 26 13
16 25 13
16 14 17
16 29 20
16 15 19
16 23 1
16 9 7
16 21 11
17 23 13
17 24 12
17 27 6
17 21 11
17 26 15
17 19 19
17 25 13
17 4 3
17 18 20
18 4 2
18 23 2
18 21 9
18 27 8
18 20 5
18 28 16
19 20 5
19 26 16
19 3 14
19 13 14
19 28 19
19 18 3
19 29 11
20 21 16
20 10 15
21 12 19
21 13 13
21 23 1
21 24 7
21 10 8
21 22 20
21 25 18
21 19 7
21 14 13
22 26 4
22 27 9
22 11 1
22 12 4
22 5 14
22 10 15
22 20 3
22 15 19
23 19 1
23 10 5
23 26 1
23 9 1
23 20 16
23 3 16
23 14 3
23 11 10
23 28 5
23 29 19
25 27 3
25 9 6
25 12 5
25 19 1
25 29 20
25 10 20
26 5 15
26 6 5
26 2 10
27 9 9
27 20 10
28 15 7
28 9 4
28 25 4
2 30 20
7 30 7
15 31 8
31 26 8
20 32 4
32 2 4
5 33 2
33 18 2
3 34 17
34 5 17
16 35 10
35 28 10
17 36 10
36 16 10
4 37 14
37 19 14
7 38 16
38 2 16
18 39 8
39 2 8
19 40 4
40 2 4
5 41 6
41 2 6
23 42 13
42 2 13
8 43 11
43 2 11
7 44 11
44 3 11
23 45 7
45 4 7
21 46 7
46 4 7
13 47 5
47 5 5
15 48 3
48 5 3
16 49 13
49 5 13
16 50 17
50 6 17
14 51 20
51 6 20
17 52 9
52 6 9
8 53 17
53 6 17
21 54 19
54 6 19
23 55 16
55 6 16
22 56 19
56 6 19
8 57 3
57 7 3
15 58 19
58 8 19
20 59 15
59 8 15
19 60 2
60 11 2
13 61 1
61 11 1
17 62 18
62 11 18
21 63 18
63 11 18
17 64 8
64 13 8
18 65 19
65 14 19
19 66 2
66 15 2
17 67 6
67 15 6
22 68 14
68 16 14
25 69 19
69 16 19
23 70 3
70 16 3
23 71 19
71 17 19
25 72 8
72 17 8
18 73 16
73 17 16
23 74 9
74 18 9
21 75 11
75 18 11
20 76 4
76 19 4
23 77 1
77 21 1
22 78 14
78 21 14
0 135 149 84 127 172 85 106 94 159 96 115 97 138 129 149 127 126 176 111 130 100 98 127 95 109 135 88 131 47 
0 0 149 79 116 168 75 98 82 159 96 101 85 138 124 137 127 120 159 98 130 84 98 127 75 89 119 82 126 47 
0 93 0 79 93 93 75 93 82 93 93 93 85 93 93 93 93 93 93 93 93 84 93 93 75 89 93 82 93 47 
0 110 110 0 110 110 75 98 82 110 96 101 85 110 110 110 110 110 110 98 110 84 98 110 75 89 110 82 110 47 
0 118 149 79 0 152 75 98 82 152 96 101 85 138 124 137 127 120 152 98 130 84 98 127 75 89 119 82 126 47 
0 118 149 79 116 0 75 98 82 159 96 101 85 138 124 137 127 120 159 98 130 84 98 127 75 89 119 82 126 47 
0 93 93 79 93 93 0 93 82 93 93 93 85 93 93 93 93 93 93 93 93 84 93 93 75 89 93 82 93 47 
0 118 149 79 116 168 75 0 82 159 96 101 85 138 124 137 127 120 159 98 130 84 98 127 75 89 119 82 126 47 
0 30 30 30 30 30 30 30 0 30 30 30 30 30 30 30 30 30 30 30 30 30 30 30 30 30 30 30 30 30 
0 20 20 20 20 20 20 20 20 0 20 20 20 20 20 20 20 20 20 20 20 20 20 20 20 20 20 20 20 20 
0 118 149 79 116 151 75 98 82 151 0 101 85 138 124 137 127 120 151 98 130 84 98 127 75 89 119 82 126 47 
0 94 94 79 94 94 75 94 82 94 94 0 85 94 94 94 94 94 94 94 94 84 94 94 75 89 94 82 94 47 
0 118 149 79 116 162 75 98 82 159 96 101 0 138 124 137 127 120 159 98 130 84 98 127 75 89 119 82 126 47 
0 118 146 79 116 146 75 98 82 146 96 101 85 0 124 137 127 120 146 98 130 84 98 127 75 89 119 82 126 47 
0 118 144 79 116 144 75 98 82 144 96 101 85 138 0 137 127 120 144 98 130 84 98 127 75 89 119 82 126 47 
0 118 149 79 116 168 75 98 82 159 96 101 85 138 124 0 127 120 159 98 130 84 98 127 75 89 119 82 126 47 
0 118 149 79 116 168 75 98 82 159 96 101 85 138 124 137 0 120 159 98 130 84 98 127 75 89 119 82 126 47 
0 105 105 79 105 105 75 98 82 105 96 101 85 105 105 105 105 0 105 98 105 84 98 105 75 89 105 82 105 47 
0 110 110 79 110 110 75 98 82 110 96 101 85 110 110 110 110 110 0 98 110 84 98 110 75 89 110 82 110 47 
0 74 74 74 74 74 74 74 74 74 74 74 74 74 74 74 74 74 74 0 74 74 74 74 74 74 74 74 74 47 
0 118 149 79 116 161 75 98 82 159 96 101 85 138 124 137 127 120 159 98 0 84 98 127 75 89 119 82 126 47 
0 118 136 79 116 136 75 98 82 136 96 101 85 136 124 136 127 120 136 98 130 0 98 127 75 89 119 82 126 47 
0 118 149 79 116 165 75 98 82 159 96 101 85 138 124 137 127 120 159 98 130 84 0 127 75 89 119 82 126 47 
0 20 20 20 20 20 20 20 20 20 20 20 20 20 20 20 20 20 20 20 20 20 20 0 20 20 20 20 20 20 
0 102 102 79 102 102 75 98 82 102 96 101 85 102 102 102 102 102 102 98 102 84 98 102 0 89 102 82 102 47 
0 50 50 50 50 50 50 50 50 50 50 50 50 50 50 50 50 50 50 50 50 50 50 50 50 0 50 50 50 47 
0 39 39 39 39 39 39 39 39 39 39 39 39 39 39 39 39 39 39 39 39 39 39 39 39 39 0 39 39 39 
0 35 35 35 35 35 35 35 35 35 35 35 35 35 35 35 35 35 35 35 35 35 35 35 35 35 35 0 35 35 
0 20 20 20 20 20 20 20 20 20 20 20 20 20 20 20 20 20 20 20 20 20 20 20 20 20 20 20 0 20 
0 0 0 0 0 0 0 0 0 0 0 0 0 0 0 0 0 0 0 0 0 0 0 0 0 0 0 0 0 0 
0