74 344 30 0
1 13 20
13 23 20
23 28 20
28 10 20
10 17 20
17 25 20
25 22 20
22 21 20
21 29 20
29 8 20
8 20 20
20 14 20
14 24 20
24 7 20
7 6 20
6 3 20
3 9 20
9 26 20
26 4 20
4 15 20
15 12 20
12 19 20
19 27 20
27 16 20
16 11 20
11 18 20
18 2 20
2 5 20
13 30 20
1 20 15
1 11 4
1 16 7
1 9 19
1 27 5
1 15 9
1 2 14
1 7 15
1 17 15
1 6 20
1 5 16
1 8 20
1 26 17
1 3 1
1 4 8
1 18 16
1 22 14
2 16 4
2 3 17
2 6 18
2 29 9
2 19 8
3 24 19
3 17 7
3 25 5
3 12 20
3 7 16
3 27 9
3 10 15
3 15 15
3 16 20
3 4 20
4 13 1
5 7 20
5 15 8
5 8 2
5 29 9
5 21 13
5 14 9
5 25 11
5 27 7
5 6 6
5 26 8
5 13 5
5 16 7
5 11 4
5 12 1
5 10 20
5 9 7
5 18 9
5 20 19
6 28 11
6 9 9
6 21 11
6 26 6
6 18 6
6 15 3
6 19 19
6 12 2
6 13 5
6 22 11
6 4 16
6 11 6
6 29 19
6 27 6
6 24 2
7 4 3
7 22 6
7 25 19
7 9 16
7 16 20
7 15 12
7 26 15
7 12 17
7 29 2
7 8 14
7 19 2
7 13 9
7 27 5
7 10 3
7 14 11
8 19 5
8 17 15
8 15 12
8 28 2
8 4 20
8 24 9
8 18 1
8 26 17
8 11 2
8 23 19
8 14 6
8 2 14
8 21 9
8 9 11
9 22 13
9 2 20
9 29 5
9 25 9
10 15 5
10 20 4
10 18 8
10 13 17
10 21 4
10 26 3
10 23 19
10 27 6
10 4 20
10 14 14
10 8 17
11 9 5
11 25 1
11 2 9
11 14 18
11 3 5
13 22 3
13 16 4
13 2 19
13 3 2
13 15 5
13 20 12
13 12 13
13 18 8
14 4 14
14 16 17
14 19 16
14 21 16
14 12 8
14 18 17
14 29 2
14 13 14
14 9 20
15 14 6
15 23 14
15 18 3
15 11 3
15 29 13
16 21 4
16 12 2
16 18 16
16 15 8
16 25 13
16 19 16
16 10 17
16 8 3
16 23 16
16 26 2
16 24 19
17 2 10
17 23 10
17 26 19
17 21 8
17 20 3
17 16 7
17 22 11
17 27 8
17 15 12
17 4 8
17 28 4
17 13 2
17 6 11
17 5 6
17 24 9
17 19 17
18 17 14
18 4 5
18 25 4
18 20 2
19 29 17
19 11 11
19 22 3
19 10 17
19 20 2
19 5 11
19 21 1
19 13 8
19 4 8
19 23 18
19 3 12
20 23 19
21 26 9
21 9 5
21 3 8
21 15 18
21 27 2
22 23 13
22 3 12
22 12 15
22 28 15
22 20 15
22 11 15
22 15 12
22 18 2
23 12 7
23 24 5
24 9 12
24 5 19
24 21 4
24 26 17
24 18 4
24 20 8
24 15 2
24 13 19
24 27 19
24 28 16
24 11 20
24 25 6
24 22 3
24 19 8
25 6 14
25 10 20
25 2 1
26 19 12
26 27 17
26 15 6
26 18 16
26 25 3
26 14 2
27 18 15
27 29 2
27 4 18
4 30 8
6 30 14
8 30 17
11 30 2
12 30 4
14 30 4
23 31 9
31 13 9
25 32 4
32 17 4
22 33 7
33 25 7
21 34 9
34 22 9
14 35 19
35 20 19
3 36 7
36 6 7
19 37 4
37 12 4
16 38 3
38 27 3
2 39 14
39 18 14
5 40 1
40 2 1
24 41 4
41 3 4
17 42 3
42 3 3
7 43 12
43 3 12
10 44 13
44 3 13
15 45 14
45 3 14
4 46 15
46 3 15
6 47 1
47 5 1
16 48 10
48 5 10
10 49 17
49 5 17
19 50 6
50 6 6
22 51 16
51 6 16
24 52 9
52 6 9
25 53 3
53 7 3
9 54 16
54 7 16
16 55 4
55 7 4
8 56 15
56 7 15
19 57 20
57 7 20
13 58 11
58 7 11
14 59 9
59 7 9
26 60 20
60 8 20
14 61 16
61 10 16
16 62 16
62 13 16
16 63 12
63 14 12
19 64 14
64 14 14
21 65 2
65 16 2
19 66 19
66 16 19
23 67 13
67 16 13
24 68 1
68 16 1
20 69 20
69 17 20
22 70 12
70 17 12
23 71 17
71 19 17
26 72 10
72 21 10
24 73 9
73 23 9
26 74 5
74 24 5
0 108 138 160 100 127 149 96 124 128 85 109 125 112 147 141 107 155 140 119 100 93 157 88 98 133 107 68 98 69 
0 0 90 90 84 90 90 76 90 90 81 90 90 90 90 90 90 90 90 90 90 79 90 88 90 90 90 68 90 69 
0 94 0 152 84 107 134 76 105 128 81 109 105 112 138 134 92 139 140 104 100 79 157 88 98 116 102 68 98 69 
0 36 36 0 36 36 36 36 36 36 36 36 36 36 36 36 36 36 36 36 36 36 36 36 36 36 36 36 36 44 
0 94 137 152 0 107 134 76 105 128 81 109 105 112 138 134 92 139 140 104 100 79 157 88 98 116 102 68 98 69 
0 94 137 152 84 0 134 76 105 128 81 109 105 112 138 134 92 139 140 104 100 79 153 88 98 116 102 68 98 69 
0 94 137 152 84 107 0 76 105 128 81 109 105 112 138 134 92 139 140 104 100 79 157 88 98 116 102 68 98 69 
0 94 137 152 84 107 134 0 105 128 81 109 105 112 138 134 92 139 140 104 100 79 157 88 98 116 102 68 98 69 
0 83 83 83 83 83 83 76 0 83 81 83 83 83 83 83 83 83 83 83 83 79 83 83 83 83 83 68 83 69 
0 94 137 152 84 107 134 76 105 0 81 109 105 112 138 134 92 139 140 104 100 79 157 88 98 116 102 68 98 69 
0 58 58 58 58 58 58 58 58 58 0 58 58 58 58 58 58 58 58 58 58 58 58 58 58 58 58 58 58 60 
0 20 20 20 20 20 20 20 20 20 20 0 20 20 20 20 20 20 20 20 20 20 20 20 20 20 20 20 20 24 
0 94 97 97 84 97 97 76 97 97 81 97 0 97 97 97 92 97 97 97 97 79 97 88 97 97 97 68 97 69 
0 94 137 152 84 107 134 76 105 128 81 109 105 0 138 134 92 139 140 104 100 79 157 88 98 116 102 68 98 69 
0 73 73 73 73 73 73 73 73 73 73 73 73 73 0 73 73 73 73 73 73 73 73 73 73 73 73 68 73 69 
0 94 137 152 84 107 134 76 105 128 81 109 105 112 138 0 92 139 140 104 100 79 157 88 98 116 102 68 98 69 
0 94 137 152 84 107 134 76 105 128 81 109 105 112 138 134 0 139 140 104 100 79 157 88 98 116 102 68 98 69 
0 45 45 45 45 45 45 45 45 45 45 45 45 45 45 45 45 0 45 45 45 45 45 45 45 45 45 45 45 45 
0 94 137 152 84 107 134 76 105 128 81 109 105 112 138 134 92 139 0 104 100 79 157 88 98 116 102 68 98 69 
0 59 59 59 59 59 59 59 59 59 59 59 59 59 59 59 59 59 59 0 59 59 59 59 59 59 59 59 59 59 
0 73 73 73 73 73 73 73 73 73 73 73 73 73 73 73 73 73 73 73 0 73 73 73 73 73 73 68 73 69 
0 94 137 152 84 107 134 76 105 128 81 109 105 112 138 134 92 139 140 104 100 0 154 88 98 116 102 68 98 69 
0 71 71 71 71 71 71 71 71 71 71 71 71 71 71 71 71 71 71 71 71 71 0 71 71 71 71 68 71 69 
0 94 137 152 84 107 134 76 105 128 81 109 105 112 138 134 92 139 140 104 100 79 157 0 98 116 102 68 98 69 
0 62 62 62 62 62 62 62 62 62 62 62 62 62 62 62 62 62 62 62 62 62 62 62 0 62 62 62 62 62 
0 94 111 111 84 107 111 76 105 111 81 109 105 111 111 111 92 111 111 104 100 79 111 88 98 0 102 68 98 69 
0 55 55 55 55 55 55 55 55 55 55 55 55 55 55 55 55 55 55 55 55 55 55 55 55 55 0 55 55 55 
0 20 20 20 20 20 20 20 20 20 20 20 20 20 20 20 20 20 20 20 20 20 20 20 20 20 20 0 20 20 
0 20 20 20 20 20 20 20 20 20 20 20 20 20 20 20 20 20 20 20 20 20 20 20 20 20 20 20 0 20 
0 0 0 0 0 0 0 0 0 0 0 0 0 0 0 0 0 0 0 0 0 0 0 0 0 0 0 0 0 0 
0