83 353 30 0
1 2 20
2 11 20
11 26 20
26 12 20
12 16 20
16 21 20
21 6 20
6 10 20
10 7 20
7 20 20
20 22 20
22 25 20
25 14 20
14 8 20
8 18 20
18 13 20
13 27 20
27 29 20
29 17 20
17 23 20
23 5 20
5 28 20
28 15 20
15 24 20
24 9 20
9 19 20
19 3 20
3 4 20
26 30 20
1 11 9
1 22 11
1 27 18
1 19 5
1 9 16
1 12 15
1 29 5
1 30 10
2 28 9
2 15 1
2 4 20
2 17 8
2 25 7
2 29 8
2 8 20
2 9 7
2 19 2
3 15 9
4 22 5
4 26 14
4 8 9
4 23 4
4 6 4
4 21 18
4 14 15
4 17 4
4 28 5
5 24 8
5 26 11
5 25 19
5 9 9
5 4 17
5 19 11
5 6 10
5 18 14
5 13 3
5 15 16
5 7 10
5 20 9
5 14 3
5 10 16
5 16 17
5 21 13
6 12 3
7 26 16
7 16 19
7 8 6
7 27 15
7 24 12
7 29 3
7 3 15
7 6 7
7 12 8
7 4 18
7 25 8
7 23 11
8 12 17
8 28 6
8 15 10
9 23 3
9 27 12
9 22 8
9 14 3
9 8 19
9 3 10
9 12 9
9 13 19
9 18 16
9 4 13
9 29 11
9 25 12
9 7 3
9 15 16
9 10 16
9 21 6
9 28 6
10 25 10
10 16 17
10 11 8
11 20 2
11 18 14
11 15 1
11 5 9
11 25 18
11 21 1
11 12 5
11 17 4
12 15 3
12 5 6
12 4 20
12 18 20
12 21 3
12 22 9
12 25 16
12 29 16
12 24 5
13 3 15
13 2 3
13 6 9
13 4 20
13 19 18
13 10 3
13 29 11
13 7 2
13 17 14
13 8 9
13 22 2
13 23 5
13 20 14
14 26 12
14 23 20
14 7 10
14 13 9
14 12 4
14 17 20
14 10 20
15 26 1
15 22 18
16 17 9
16 11 18
16 24 12
16 23 1
17 9 13
17 15 11
17 28 19
17 20 20
17 19 3
17 27 2
17 22 13
17 8 4
17 21 19
17 12 11
18 21 14
18 29 5
18 2 7
18 27 16
18 26 16
18 4 13
18 16 19
18 22 11
18 14 2
19 20 5
19 16 13
19 8 12
19 11 12
19 21 6
19 12 10
19 10 17
19 29 18
19 7 12
19 28 16
19 18 5
19 25 2
19 26 15
19 14 14
19 24 7
21 25 5
21 26 4
21 28 4
21 15 10
21 20 14
21 3 5
21 13 10
21 8 13
21 24 15
22 28 8
22 10 12
23 25 2
23 24 7
23 8 7
23 6 1
24 10 2
24 13 12
24 26 9
24 17 14
24 20 11
24 11 7
24 22 9
24 29 17
24 3 19
24 27 4
24 8 16
24 25 11
24 2 8
25 29 1
25 13 5
25 27 4
25 17 7
25 16 16
26 8 4
26 20 4
26 10 6
26 25 20
26 27 18
26 6 5
27 3 1
27 4 20
28 7 18
28 16 10
28 24 4
28 26 8
28 27 19
28 25 10
28 12 16
29 8 12
29 6 20
29 26 8
2 30 14
3 30 10
5 30 13
6 30 2
7 30 16
13 30 18
14 30 13
17 30 2
20 30 10
21 30 17
24 30 8
11 31 9
31 2 9
21 32 8
32 16 8
5 33 16
33 23 16
28 34 18
34 5 18
24 35 18
35 15 18
9 36 2
36 24 2
15 37 16
37 2 16
4 38 16
38 2 16
17 39 6
39 2 6
25 40 10
40 2 10
19 41 14
41 2 14
26 42 8
42 4 8
23 43 13
43 4 13
17 44 11
44 4 11
24 45 1
45 5 1
26 46 7
46 5 7
25 47 13
47 5 13
18 48 3
48 5 3
12 49 9
49 6 9
26 50 5
50 7 5
12 51 20
51 7 20
25 52 4
52 7 4
23 53 16
53 7 16
25 54 19
54 9 19
21 55 9
55 9 9
28 56 19
56 9 19
11 57 9
57 10 9
15 58 6
58 11 6
21 59 16
59 11 16
12 60 17
60 11 17
17 61 8
61 11 8
15 62 4
62 12 4
18 63 5
63 12 5
21 64 14
64 12 14
24 65 7
65 12 7
17 66 5
66 13 5
22 67 19
67 13 19
26 68 16
68 14 16
17 69 12
69 14 12
26 70 18
70 15 18
22 71 15
71 15 15
17 72 2
72 16 2
23 73 17
73 16 17
20 74 12
74 17 12
19 75 3
75 17 3
21 76 16
76 18 16
26 77 16
77 18 16
25 78 4
78 19 4
24 79 7
79 19 7
25 80 10
80 21 10
26 81 13
81 21 13
28 82 20
82 22 20
24 83 12
83 23 12
0 99 85 99 77 85 99 99 99 99 99 99 99 85 99 99 99 99 70 99 99 99 92 92 99 99 99 93 99 109 
0 0 85 102 77 85 102 102 96 102 102 102 102 85 102 102 102 102 65 99 102 102 92 92 102 102 102 93 102 116 
0 29 0 29 29 29 29 29 29 29 29 29 29 29 29 29 29 29 29 29 29 29 29 29 29 29 29 29 29 39 
0 89 85 0 77 85 94 94 94 94 94 94 94 85 94 94 94 94 65 94 94 94 92 92 94 94 94 93 94 94 
0 89 85 193 0 85 120 151 96 121 112 133 102 85 148 158 115 121 65 99 123 115 92 92 160 134 110 93 110 143 
0 23 23 23 23 0 23 23 23 23 23 23 23 23 23 23 23 23 23 23 23 23 23 23 23 23 23 23 23 25 
0 89 85 158 77 85 0 151 96 121 112 133 102 85 148 158 115 121 65 99 123 115 92 92 158 134 110 93 110 143 
0 53 53 53 53 53 53 0 53 53 53 53 53 53 53 53 53 53 53 53 53 53 53 53 53 53 53 53 53 53 
0 89 85 193 77 85 120 151 0 121 112 133 102 85 148 158 115 121 65 99 123 115 92 92 160 134 110 93 110 143 
0 55 55 55 55 55 55 55 55 0 55 55 55 55 55 55 55 55 55 55 55 55 55 55 55 55 55 55 55 55 
0 89 85 92 77 85 92 92 92 92 0 92 92 85 92 92 92 92 65 92 92 92 92 92 92 92 92 92 92 92 
0 89 85 164 77 85 120 151 96 121 112 0 102 85 148 158 115 121 65 99 123 115 92 92 160 134 110 93 110 143 
0 89 85 145 77 85 120 145 96 121 112 133 0 85 145 145 115 121 65 99 123 115 92 92 145 134 110 93 110 143 
0 89 85 115 77 85 115 115 96 115 112 115 102 0 115 115 115 115 65 99 115 115 92 92 115 115 110 93 110 128 
0 65 65 65 65 65 65 65 65 65 65 65 65 65 0 65 65 65 65 65 65 65 65 65 65 65 65 65 65 65 
0 60 60 60 60 60 60 60 60 60 60 60 60 60 60 0 60 60 60 60 60 60 60 60 60 60 60 60 60 60 
0 89 85 179 77 85 120 151 96 121 112 133 102 85 148 158 0 121 65 99 123 115 92 92 160 134 110 93 110 143 
0 89 85 131 77 85 120 131 96 121 112 131 102 85 131 131 115 0 65 99 123 115 92 92 131 131 110 93 110 131 
0 89 85 193 77 85 120 151 96 121 112 133 102 85 148 158 115 121 0 99 123 115 92 92 160 134 110 93 110 143 
0 32 32 32 32 32 32 32 32 32 32 32 32 32 32 32 32 32 32 0 32 32 32 32 32 32 32 32 32 42 
0 89 85 163 77 85 120 151 96 121 112 133 102 85 148 158 115 121 65 99 0 115 92 92 160 134 110 93 110 143 
0 74 74 74 74 74 74 74 74 74 74 74 74 74 74 74 74 74 65 74 74 0 74 74 74 74 74 74 74 74 
0 83 83 83 77 83 83 83 83 83 83 83 83 83 83 83 83 83 65 83 83 83 0 83 83 83 83 83 83 83 
0 89 85 193 77 85 120 151 96 121 112 133 102 85 148 158 115 121 65 99 123 115 92 0 160 134 110 93 110 143 
0 89 85 113 77 85 113 113 96 113 112 113 102 85 113 113 113 113 65 99 113 113 92 92 0 113 110 93 110 113 
0 89 85 160 77 85 120 151 96 121 112 133 102 85 148 158 115 121 65 99 123 115 92 92 160 0 110 93 110 143 
0 41 41 41 41 41 41 41 41 41 41 41 41 41 41 41 41 41 41 41 41 41 41 41 41 41 0 41 41 41 
0 89 85 162 77 85 120 151 96 121 112 133 102 85 148 158 115 121 65 99 123 115 92 92 160 134 110 0 110 143 
0 60 60 60 60 60 60 60 60 60 60 60 60 60 60 60 60 60 60 60 60 60 60 60 60 60 60 60 0 60 
0 0 0 0 0 0 0 0 0 0 0 0 0 0 0 0 0 0 0 0 0 0 0 0 0 0 0 0 0 0 
0