72 342 30 0
1 19 20
19 10 20
10 3 20
3 7 20
7 8 20
8 23 20
23 20 20
20 15 20
15 6 20
6 4 20
4 16 20
16 29 20
29 18 20
18 28 20
28 11 20
11 27 20
27 9 20
9 22 20
22 26 20
26 2 20
2 13 20
13 21 20
21 14 20
14 12 20
12 24 20
24 25 20
25 17 20
17 5 20
12 30 20
1 21 4
1 25 2
1 15 7
1 12 18
1 28 4
1 29 12
1 30 7
2 27 1
2 3 8
2 10 16
2 21 18
2 20 9
2 23 18
2 18 6
3 19 20
3 5 10
3 28 6
3 6 16
3 8 18
3 15 18
3 21 14
3 26 8
3 14 4
3 27 15
3 25 5
3 9 16
3 17 14
3 12 8
3 13 20
3 22 8
4 23 20
4 20 14
4 10 3
4 22 4
4 5 11
4 9 16
4 29 16
4 21 7
4 8 3
4 14 8
4 18 4
5 19 7
5 11 14
5 28 3
5 20 20
5 27 8
5 8 10
5 24 8
5 9 19
5 16 18
5 23 7
5 6 5
5 10 3
5 21 13
5 13 14
6 8 12
6 13 5
6 20 5
6 10 18
6 28 12
6 29 17
6 18 5
6 9 7
6 25 12
6 16 4
6 14 15
6 2 19
7 19 15
7 28 12
7 20 15
7 6 10
7 2 10
7 16 18
7 23 4
7 27 6
9 26 14
9 13 5
9 11 3
9 10 4
9 19 5
9 18 3
9 7 16
10 13 20
10 29 1
10 12 17
10 7 20
10 24 16
10 20 19
10 17 9
10 21 17
10 14 11
11 24 18
11 7 14
11 2 18
11 6 19
12 19 5
12 26 2
12 23 7
12 28 14
12 18 6
12 9 20
12 20 14
12 11 3
12 4 15
13 27 4
13 22 13
13 16 6
14 25 4
14 11 3
15 8 4
15 27 2
15 12 13
15 29 14
15 14 18
15 24 15
15 4 9
15 23 3
15 17 9
15 2 14
15 11 18
15 9 12
15 18 15
15 21 3
16 8 1
16 12 13
16 19 6
16 28 13
16 24 12
16 20 8
16 9 11
16 21 18
16 25 17
16 17 6
16 10 1
17 7 11
17 28 7
17 21 13
17 12 5
17 13 18
17 14 18
17 26 11
18 22 18
18 25 1
19 22 7
19 26 13
19 24 13
19 27 11
19 4 19
19 25 8
19 20 2
20 29 2
20 13 10
20 24 13
20 27 5
20 11 17
20 22 5
20 17 1
20 26 16
21 20 16
21 7 15
21 12 11
21 27 8
21 11 19
21 23 8
22 28 18
22 12 17
23 18 7
23 19 16
23 26 11
23 14 11
23 10 12
23 11 9
23 29 16
23 13 5
23 28 5
23 24 6
23 9 12
23 27 20
24 14 9
24 4 18
24 18 9
24 3 7
24 2 18
24 28 8
24 27 14
24 13 7
24 29 17
25 4 3
25 8 11
25 13 10
25 15 16
25 21 16
25 9 14
25 27 17
25 28 19
25 23 20
25 12 6
25 10 3
25 5 8
25 29 15
25 11 8
26 13 8
26 25 16
26 15 19
26 16 17
26 7 3
26 6 1
26 29 14
26 5 8
26 11 9
26 21 15
26 27 5
29 11 4
2 30 10
4 30 13
6 30 18
7 30 7
8 30 18
9 30 8
16 30 4
17 30 18
18 30 19
19 30 2
20 30 5
21 30 4
22 30 18
23 30 12
26 30 19
28 30 16
10 31 1
31 19 1
3 32 7
32 10 7
8 33 9
33 7 9
23 34 20
34 8 20
16 35 1
35 4 1
9 36 8
36 27 8
2 37 16
37 26 16
3 38 4
38 2 4
5 39 8
39 3 8
6 40 7
40 3 7
15 41 2
41 3 2
25 42 15
42 3 15
17 43 3
43 3 3
13 44 2
44 3 2
23 45 1
45 4 1
20 46 20
46 4 20
19 47 9
47 5 9
24 48 5
48 5 5
9 49 6
49 5 6
16 50 1
50 5 1
23 51 1
51 5 1
6 52 19
52 5 19
16 53 9
53 6 9
19 54 9
54 7 9
16 55 4
55 7 4
23 56 13
56 7 13
20 57 4
57 10 4
14 58 4
58 10 4
24 59 15
59 11 15
16 60 15
60 13 15
24 61 4
61 15 4
23 62 11
62 15 11
17 63 3
63 15 3
19 64 15
64 16 15
24 65 7
65 16 7
22 66 5
66 18 5
26 67 1
67 19 1
25 68 1
68 19 1
20 69 11
69 19 11
24 70 6
70 20 6
26 71 16
71 23 16
24 72 2
72 23 2
0 67 67 67 67 67 67 67 67 67 67 67 67 67 67 67 59 67 67 67 67 67 67 67 67 67 67 67 67 74 
0 0 72 106 98 80 112 99 112 95 112 110 112 112 91 105 59 80 88 112 112 75 112 112 83 111 112 112 112 122 
0 103 0 106 98 80 134 99 147 95 142 110 157 114 91 105 59 80 88 148 154 75 125 121 83 111 144 137 132 211 
0 103 72 0 98 80 126 99 126 95 126 110 126 114 91 105 59 80 88 126 126 75 125 121 83 111 126 126 126 139 
0 103 72 106 0 80 134 99 147 95 142 110 157 114 91 105 59 80 88 148 154 75 125 121 83 111 144 137 132 157 
0 103 72 106 98 0 134 99 147 95 142 110 157 114 91 105 59 80 88 148 154 75 125 121 83 111 144 137 132 195 
0 103 72 106 98 80 0 99 110 95 110 110 110 110 91 105 59 80 88 110 110 75 110 110 83 110 110 110 110 117 
0 29 29 29 29 29 29 0 29 29 29 29 29 29 29 29 29 29 29 29 29 29 29 29 29 29 29 29 29 47 
0 76 72 76 76 76 76 76 0 76 76 76 76 76 76 76 59 76 76 76 76 75 76 76 76 76 84 76 76 84 
0 103 72 106 98 80 134 99 147 0 142 110 151 114 91 105 59 80 88 148 151 75 125 121 83 111 144 137 132 151 
0 89 72 89 89 80 89 89 89 89 0 89 89 89 89 89 59 80 88 89 89 75 89 89 83 89 89 89 89 89 
0 103 72 106 98 80 106 99 106 95 106 0 106 106 91 105 59 80 88 106 106 75 106 106 83 106 106 106 106 126 
0 45 45 45 45 45 45 45 45 45 45 45 0 45 45 45 45 45 45 45 45 45 45 45 45 45 45 45 45 45 
0 31 31 31 31 31 31 31 31 31 31 31 31 0 31 31 31 31 31 31 31 31 31 31 31 31 31 31 31 31 
0 103 72 106 98 80 134 99 147 95 142 110 157 114 0 105 59 80 88 148 154 75 125 121 83 111 144 137 132 171 
0 103 72 106 98 80 134 99 147 95 142 110 156 114 91 0 59 80 88 148 154 75 125 121 83 111 144 137 132 160 
0 103 72 106 98 80 109 99 109 95 109 109 109 109 91 105 0 80 88 109 109 75 109 109 83 109 109 109 109 127 
0 39 39 39 39 39 39 39 39 39 39 39 39 39 39 39 39 0 39 39 39 39 39 39 39 39 39 39 39 58 
0 103 72 106 98 80 126 99 126 95 126 110 126 114 91 105 59 80 0 126 126 75 125 121 83 111 126 126 126 128 
0 103 72 106 98 80 124 99 124 95 124 110 124 114 91 105 59 80 88 0 124 75 124 121 83 111 124 124 124 129 
0 97 72 97 97 80 97 97 97 95 97 97 97 97 91 97 59 80 88 97 0 75 97 97 83 97 97 97 97 101 
0 58 58 58 58 58 58 58 58 58 58 58 58 58 58 58 58 60 58 58 58 0 58 58 58 58 58 60 58 78 
0 103 72 106 98 80 134 99 147 95 142 110 157 114 91 105 59 80 88 148 154 75 0 121 83 111 144 137 132 208 
0 103 72 106 98 80 134 99 147 95 142 110 157 114 91 105 59 80 88 148 154 75 125 0 83 111 144 137 132 166 
0 103 72 106 98 80 134 99 147 95 142 110 157 114 91 105 59 80 88 148 154 75 125 121 0 111 144 137 132 202 
0 103 72 106 98 80 134 99 147 95 142 110 152 114 91 105 59 80 88 148 152 75 125 121 83 0 144 137 132 171 
0 20 20 20 20 20 20 20 20 20 20 20 20 20 20 20 20 20 20 20 20 20 20 20 20 20 0 20 20 20 
0 20 20 20 20 20 20 20 20 20 20 20 20 20 20 20 20 20 20 20 20 20 20 20 20 20 20 0 20 36 
0 24 24 24 24 24 24 24 24 24 24 24 24 24 24 24 24 24 24 24 24 24 24 24 24 24 24 24 0 24 
0 0 0 0 0 0 0 0 0 0 0 0 0 0 0 0 0 0 0 0 0 0 0 0 0 0 0 0 0 0 
0