74 344 30 0
1 13 20
13 23 20
23 20 20
20 6 20
6 8 20
8 5 20
5 15 20
15 27 20
27 7 20
7 17 20
17 4 20
4 9 20
9 11 20
11 26 20
26 3 20
3 14 20
14 28 20
28 21 20
21 24 20
24 2 20
2 25 20
25 16 20
16 12 20
12 29 20
29 19 20
19 10 20
10 22 20
22 18 20
26 30 20
1 16 17
1 18 15
1 19 4
1 25 4
1 27 3
1 7 12
1 6 1
1 17 19
1 9 15
1 22 8
1 10 17
2 21 8
2 22 2
2 19 13
2 5 7
2 20 13
2 9 16
2 8 13
2 18 5
3 12 12
3 28 16
3 13 14
3 20 19
3 24 15
3 6 19
3 18 9
3 8 20
3 29 19
3 27 7
3 10 16
3 11 18
3 21 5
3 22 8
3 15 2
3 23 2
4 28 19
4 25 19
4 22 9
4 19 3
4 21 7
4 6 4
5 28 7
5 19 9
5 6 12
5 20 17
5 4 15
5 16 1
5 12 9
5 11 20
5 25 3
5 18 12
5 29 7
5 13 16
5 17 3
6 7 2
6 11 20
6 13 14
6 15 5
6 2 20
6 28 14
6 23 9
6 17 18
7 18 12
7 10 4
7 28 17
7 12 11
7 16 2
7 15 9
7 8 6
7 19 19
7 4 15
7 9 8
7 3 19
7 2 11
7 26 1
7 13 14
7 14 14
8 17 19
8 27 7
8 24 7
8 23 9
8 4 6
8 15 3
8 25 18
8 12 6
8 14 1
8 19 11
8 9 19
8 21 16
8 13 9
8 28 19
8 11 9
9 28 20
9 21 10
9 27 11
9 19 16
10 25 6
10 26 17
10 27 6
10 4 16
10 11 10
10 18 13
10 29 13
10 14 19
10 17 9
10 28 8
10 21 19
10 24 8
10 16 18
10 5 9
10 12 5
11 19 15
11 25 15
11 7 10
11 14 2
11 29 4
11 23 13
11 16 17
12 2 20
12 26 9
13 25 7
13 12 8
13 15 20
13 14 17
13 2 4
13 28 16
13 17 13
15 16 6
15 21 1
15 23 11
15 9 1
15 10 10
15 4 17
16 28 11
16 3 5
17 27 19
17 2 20
17 18 17
17 25 14
17 11 15
17 23 6
18 24 2
18 23 4
18 25 14
19 25 6
20 7 1
20 10 11
20 16 10
20 13 19
20 17 2
20 11 1
20 8 16
20 14 3
20 9 19
21 16 12
21 25 3
21 13 1
21 12 10
21 7 9
21 14 7
21 20 20
21 6 20
21 17 5
21 11 19
21 22 9
22 14 14
22 13 5
23 29 18
23 7 19
23 19 14
23 24 17
23 4 3
23 5 2
23 10 5
23 25 2
24 9 17
24 26 1
24 25 12
24 5 16
24 22 14
24 13 10
24 4 11
24 11 8
24 16 9
24 28 20
24 14 20
24 20 5
25 27 17
25 20 6
25 22 8
25 29 2
25 9 4
25 15 5
26 16 19
26 5 4
26 25 6
26 15 20
28 12 8
29 14 17
29 2 2
29 13 7
29 21 12
29 9 14
29 8 7
29 16 2
29 26 9
29 18 10
29 27 15
29 20 8
29 22 7
3 30 17
5 30 8
6 30 12
9 30 7
10 30 17
11 30 6
16 30 2
19 30 10
20 30 20
21 30 7
22 30 8
23 30 3
24 30 16
25 30 2
27 30 3
28 30 17
29 30 2
23 31 17
31 13 17
6 32 14
32 20 14
8 33 2
33 6 2
7 34 9
34 27 9
26 35 18
35 11 18
21 36 13
36 28 13
25 37 5
37 2 5
12 38 7
38 16 7
21 39 14
39 2 14
20 40 16
40 3 16
6 41 10
41 3 10
8 42 18
42 3 18
29 43 19
43 3 19
21 44 3
44 3 3
23 45 1
45 3 1
25 46 13
46 4 13
19 47 4
47 4 4
21 48 7
48 4 7
25 49 17
49 5 17
29 50 12
50 5 12
7 51 1
51 6 1
15 52 9
52 6 9
23 53 12
53 6 12
12 54 18
54 7 18
15 55 19
55 7 19
8 56 12
56 7 12
24 57 7
57 8 7
23 58 5
58 8 5
21 59 16
59 8 16
13 60 2
60 8 2
28 61 3
61 8 3
11 62 5
62 8 5
24 63 4
63 10 4
25 64 2
64 11 2
29 65 20
65 11 20
23 66 8
66 11 8
25 67 15
67 13 15
23 68 3
68 15 3
25 69 9
69 17 9
24 70 4
70 18 4
25 71 11
71 18 11
29 72 12
72 23 12
24 73 19
73 23 19
25 74 7
74 24 7
0 116 111 127 87 100 122 120 133 87 135 89 135 134 87 135 117 128 124 122 98 85 105 76 135 57 114 135 83 135 
0 0 97 97 87 97 97 97 97 70 97 89 97 97 87 97 97 97 97 97 97 77 97 76 97 57 97 97 83 97 
0 116 0 127 87 99 110 120 118 70 188 89 141 134 87 123 98 113 120 122 98 77 105 76 145 57 111 200 83 177 
0 81 81 0 81 81 81 81 81 70 81 81 81 81 81 81 81 81 81 81 81 77 81 76 81 57 81 81 81 81 
0 116 111 127 0 99 110 120 118 70 151 89 141 134 87 123 98 113 120 122 98 77 105 76 145 57 111 151 83 159 
0 116 111 127 87 0 110 120 118 70 146 89 141 134 87 123 98 113 120 122 98 77 105 76 145 57 111 146 83 158 
0 116 111 127 87 99 0 120 118 70 183 89 141 134 87 123 98 113 120 122 98 77 105 76 145 57 111 183 83 177 
0 116 111 127 87 99 110 0 118 70 188 89 141 134 87 123 98 113 120 122 98 77 105 76 145 57 111 200 83 177 
0 77 77 77 77 77 77 77 0 70 77 77 77 77 77 77 77 77 77 77 77 77 77 76 77 57 77 77 77 84 
0 116 111 127 87 99 110 120 118 0 188 89 141 134 87 123 98 113 120 122 98 77 105 76 145 57 111 189 83 177 
0 101 101 101 87 99 101 101 101 70 0 89 101 101 87 101 98 101 101 101 98 77 101 76 101 57 101 101 83 107 
0 74 74 74 74 74 74 74 74 70 74 0 74 74 74 74 74 74 74 74 74 74 74 74 74 57 74 74 74 74 
0 105 105 105 87 99 105 105 105 70 105 89 0 107 87 105 98 105 105 105 98 77 105 76 105 57 105 107 83 107 
0 20 20 20 20 20 20 20 20 20 20 20 20 0 20 20 20 20 20 20 20 20 20 20 20 20 20 20 20 20 
0 94 94 94 87 94 94 94 94 70 94 89 94 94 0 94 94 94 94 94 94 77 94 76 94 57 94 94 83 94 
0 36 36 36 36 36 36 36 36 36 36 36 36 36 36 0 36 36 36 36 36 36 36 36 36 36 36 36 36 38 
0 111 111 111 87 99 110 111 111 70 111 89 111 111 87 111 0 111 111 111 98 77 105 76 111 57 111 111 83 111 
0 20 20 20 20 20 20 20 20 20 20 20 20 20 20 20 20 0 20 20 20 20 20 20 20 20 20 20 20 20 
0 30 30 30 30 30 30 30 30 30 30 30 30 30 30 30 30 30 0 30 30 30 30 30 30 30 30 30 30 40 
0 116 111 118 87 99 110 118 118 70 118 89 118 118 87 118 98 113 118 0 98 77 105 76 118 57 111 118 83 138 
0 116 111 127 87 99 110 120 118 70 179 89 141 134 87 123 98 113 120 122 0 77 105 76 145 57 111 188 83 177 
0 39 39 39 39 39 39 39 39 39 39 39 39 39 39 39 39 39 39 39 39 0 39 39 39 39 39 39 39 47 
0 116 111 127 87 99 110 120 118 70 146 89 141 134 87 123 98 113 120 122 98 77 0 76 145 57 111 146 83 149 
0 116 111 127 87 99 110 120 118 70 188 89 141 134 87 123 98 113 120 122 98 77 105 0 145 57 111 197 83 177 
0 116 111 127 87 99 110 120 118 70 136 89 136 134 87 123 98 113 120 122 98 77 105 76 0 57 111 136 83 138 
0 87 87 87 87 87 87 87 87 70 87 87 87 87 87 87 87 87 87 87 87 77 87 76 87 0 87 87 83 107 
0 20 20 20 20 20 20 20 20 20 20 20 20 20 20 20 20 20 20 20 20 20 20 20 20 20 0 20 20 23 
0 31 31 31 31 31 31 31 31 31 31 31 31 31 31 31 31 31 31 31 31 31 31 31 31 31 31 0 31 48 
0 116 111 127 87 99 110 120 118 70 188 89 141 134 87 123 98 113 120 122 98 77 105 76 145 57 111 193 0 177 
0 0 0 0 0 0 0 0 0 0 0 0 0 0 0 0 0 0 0 0 0 0 0 0 0 0 0 0 0 0 
0