89 359 30 0
1 4 20
4 26 20
26 5 20
5 7 20
7 3 20
3 29 20
29 17 20
17 20 20
20 9 20
9 28 20
28 16 20
16 12 20
12 18 20
18 10 20
10 25 20
25 6 20
6 23 20
23 8 20
8 13 20
13 15 20
15 2 20
2 24 20
24 11 20
11 27 20
27 21 20
21 19 20
19 22 20
22 14 20
12 30 20
1 28 7
1 8 16
1 21 9
1 2 20
1 23 17
1 10 5
1 30 20
2 17 19
2 27 4
2 13 14
2 3 16
2 19 12
2 7 13
2 10 13
2 8 10
2 25 4
2 12 18
2 28 11
2 4 17
2 18 19
2 9 14
2 29 18
2 6 15
2 5 1
3 19 6
3 21 15
3 4 16
3 10 10
3 16 19
3 20 12
3 17 15
3 23 13
3 5 12
3 27 17
3 11 1
4 20 3
4 7 14
4 16 2
4 22 12
4 21 20
4 25 1
4 12 16
4 6 10
5 4 20
5 17 2
5 10 6
5 12 8
5 14 2
5 13 8
5 23 8
5 8 4
5 29 5
5 6 14
5 11 2
5 9 17
6 8 3
6 9 5
6 17 19
6 16 6
6 24 10
6 21 16
6 7 13
6 19 17
6 29 15
6 27 8
6 12 13
7 20 14
7 16 13
7 10 3
7 8 4
7 17 13
7 29 3
9 15 6
9 10 3
9 16 5
9 18 11
9 8 5
9 14 6
9 29 16
9 3 20
9 25 9
9 7 5
9 24 3
10 20 17
10 23 14
10 4 7
10 6 11
10 8 10
10 28 7
11 26 19
11 15 4
11 13 7
11 8 8
11 18 3
11 21 6
11 14 5
11 4 5
11 20 14
11 6 8
11 17 11
12 27 17
12 13 9
12 7 2
12 21 7
12 14 6
12 25 12
12 8 6
15 28 1
15 12 8
15 10 12
15 17 7
15 8 3
15 5 15
15 21 6
16 17 2
16 10 18
16 8 5
16 5 18
16 18 7
16 29 13
16 24 15
16 19 20
16 2 20
17 25 2
17 28 6
17 27 5
17 13 15
17 4 17
17 18 7
17 19 7
17 22 10
17 23 18
17 21 10
17 8 14
17 9 12
18 26 6
18 23 15
18 13 13
18 28 7
18 4 8
18 27 18
18 29 18
18 15 20
18 5 20
18 3 12
18 8 10
18 7 12
19 29 2
20 29 18
20 27 18
20 2 2
20 25 1
20 6 4
20 26 5
20 8 18
21 5 15
21 18 8
21 8 11
21 14 11
21 23 19
21 16 13
21 20 8
21 28 17
21 10 17
22 29 14
22 23 16
22 3 1
22 6 11
22 18 7
22 9 15
22 27 1
22 11 11
22 2 12
22 13 12
22 24 15
23 2 4
23 25 6
23 9 19
23 15 19
23 12 4
23 24 1
23 7 15
24 3 12
24 27 19
24 8 16
24 10 3
24 17 18
24 14 3
24 18 17
24 4 15
24 21 6
25 15 4
25 22 10
25 24 14
25 3 10
25 16 15
25 14 17
25 29 7
26 23 15
26 2 20
26 24 13
26 22 3
26 6 4
26 8 20
26 9 18
26 21 1
27 15 14
29 12 5
29 4 7
29 21 13
2 30 18
3 30 19
26 31 15
31 4 15
5 32 13
32 26 13
3 33 11
33 7 11
9 34 6
34 20 6
10 35 4
35 18 4
25 36 15
36 10 15
6 37 3
37 25 3
15 38 10
38 13 10
24 39 3
39 2 3
11 40 12
40 24 12
21 41 13
41 27 13
22 42 6
42 19 6
17 43 4
43 2 4
10 44 19
44 2 19
4 45 7
45 2 7
18 46 12
46 2 12
29 47 20
47 2 20
6 48 3
48 2 3
21 49 17
49 3 17
11 50 19
50 3 19
20 51 19
51 4 19
7 52 16
52 4 16
22 53 14
53 4 14
21 54 20
54 4 20
25 55 4
55 4 4
17 56 5
56 5 5
10 57 14
57 5 14
23 58 16
58 5 16
6 59 7
59 5 7
11 60 16
60 5 16
9 61 13
61 5 13
17 62 9
62 6 9
16 63 4
63 6 4
24 64 13
64 6 13
21 65 9
65 6 9
20 66 16
66 7 16
16 67 12
67 7 12
17 68 20
68 7 20
10 69 20
69 9 20
16 70 1
70 9 1
18 71 1
71 9 1
25 72 19
72 9 19
24 73 6
73 9 6
23 74 4
74 10 4
26 75 11
75 11 11
15 76 20
76 11 20
21 77 9
77 12 9
17 78 3
78 15 3
21 79 16
79 15 16
29 80 16
80 16 16
25 81 17
81 17 17
23 82 18
82 17 18
21 83 17
83 17 17
23 84 6
84 18 6
25 85 19
85 20 19
23 86 20
86 22 20
24 87 19
87 22 19
25 88 20
88 23 20
24 89 10
89 23 10
0 94 94 94 94 94 94 94 94 94 65 94 94 70 94 94 94 94 88 94 94 94 94 94 58 63 94 76 94 77 
0 0 127 200 172 132 153 167 167 124 65 101 108 70 106 109 178 109 88 113 120 94 168 103 58 63 140 69 149 57 
0 146 0 167 167 132 153 167 167 124 65 101 108 70 106 109 167 109 88 113 120 94 167 103 58 63 140 69 149 57 
0 105 105 0 105 105 105 105 105 105 65 101 105 70 105 105 105 105 88 105 105 94 105 103 58 63 105 69 105 57 
0 127 127 127 0 127 127 127 127 124 65 101 108 70 106 109 127 109 88 113 120 94 127 103 58 63 127 69 127 57 
0 146 127 158 158 0 153 158 158 124 65 101 108 70 106 109 158 109 88 113 120 94 158 103 58 63 140 69 149 57 
0 86 86 86 86 86 0 86 86 86 65 86 86 70 86 86 86 86 86 86 86 86 86 86 58 63 86 69 86 57 
0 20 20 20 20 20 20 0 20 20 20 20 20 20 20 20 20 20 20 20 20 20 20 20 20 20 20 20 20 20 
0 122 122 122 122 122 122 122 0 122 65 101 108 70 106 109 122 109 88 113 120 94 122 103 58 63 122 69 122 57 
0 143 127 143 143 132 143 143 143 0 65 101 108 70 106 109 143 109 88 113 120 94 143 103 58 63 140 69 143 57 
0 146 127 152 152 132 152 152 152 124 0 101 108 70 106 109 152 109 88 113 120 94 152 103 58 63 140 69 149 57 
0 73 73 73 73 73 73 73 73 73 65 0 73 70 73 73 73 73 73 73 73 73 73 73 58 63 73 69 73 57 
0 20 20 20 20 20 20 20 20 20 20 20 0 20 20 20 20 20 20 20 20 20 20 20 20 20 20 20 20 20 
0 0 0 0 0 0 0 0 0 0 0 0 0 0 0 0 0 0 0 0 0 0 0 0 0 0 0 0 0 0 
0 89 89 89 89 89 89 92 89 89 65 89 102 70 0 89 89 89 88 89 89 89 89 89 58 63 89 69 89 57 
0 146 127 155 155 132 153 155 155 124 65 101 108 70 106 0 155 109 88 113 120 94 155 103 58 63 140 69 149 57 
0 146 127 175 172 132 153 167 167 124 65 101 108 70 106 109 0 109 88 113 120 94 168 103 58 63 140 69 149 57 
0 146 127 189 172 132 153 167 167 124 65 101 108 70 106 109 178 0 88 113 120 94 168 103 58 63 140 69 149 57 
0 22 22 22 22 22 22 22 22 22 22 22 22 22 22 22 22 22 0 22 22 22 22 22 22 22 22 22 22 22 
0 121 121 121 121 121 121 121 121 121 65 101 108 70 106 109 121 109 88 0 120 94 121 103 58 63 121 69 121 57 
0 146 127 200 172 132 153 167 167 124 65 101 108 70 106 109 178 109 88 113 0 94 168 103 58 63 140 69 149 57 
0 131 127 131 131 131 131 131 131 124 65 101 108 70 106 109 131 109 88 113 120 0 131 103 58 63 131 69 131 57 
0 146 127 152 152 132 152 152 152 124 65 101 108 70 106 109 152 109 88 113 120 94 0 103 58 63 140 69 149 57 
0 146 127 177 172 132 153 167 167 124 65 101 108 70 106 109 177 109 88 113 120 94 168 0 58 63 140 69 149 57 
0 146 127 174 172 132 153 167 167 124 65 101 108 70 106 109 174 109 88 113 120 94 168 103 0 63 140 69 149 57 
0 140 127 140 140 132 140 140 140 124 65 101 108 70 106 109 140 109 88 113 120 94 140 103 58 0 140 69 140 57 
0 34 34 34 34 34 34 34 34 34 34 34 34 34 34 34 34 34 34 34 34 34 34 34 34 34 0 34 34 34 
0 20 20 20 20 20 20 20 20 20 20 20 20 20 20 20 20 20 20 20 20 20 20 20 20 20 20 0 20 20 
0 81 81 81 81 81 81 81 81 81 65 81 81 70 81 81 81 81 81 81 81 81 81 81 58 63 81 69 0 57 
0 0 0 0 0 0 0 0 0 0 0 0 0 0 0 0 0 0 0 0 0 0 0 0 0 0 0 0 0 0 
0