79 349 30 0
1 16 20
16 28 20
28 29 20
29 26 20
26 3 20
3 27 20
27 2 20
2 9 20
9 13 20
13 10 20
10 17 20
17 22 20
22 4 20
4 5 20
5 25 20
25 8 20
8 12 20
12 23 20
23 19 20
19 21 20
21 7 20
7 14 20
14 18 20
18 6 20
6 20 20
20 24 20
24 15 20
15 11 20
25 30 20
1 29 14
1 14 1
1 3 14
1 19 5
1 6 9
1 8 1
1 13 12
1 22 20
2 19 12
2 26 7
2 24 6
2 16 6
2 28 1
2 4 17
3 2 3
3 6 13
3 13 16
3 22 5
3 20 16
3 19 8
3 18 2
3 25 14
3 7 17
3 4 2
3 17 20
3 29 2
4 18 7
4 16 4
4 14 17
4 27 20
4 21 17
4 6 6
4 25 2
4 24 5
4 23 1
4 10 18
4 9 2
4 26 12
5 20 13
5 27 4
5 22 3
5 19 14
5 10 7
5 11 7
5 26 17
5 8 6
5 3 14
5 9 5
5 15 16
5 21 2
6 10 13
6 29 6
6 17 18
6 12 7
6 24 4
6 28 8
6 19 10
6 8 2
6 7 6
7 8 17
7 18 7
7 19 1
7 17 18
7 25 17
7 2 3
7 24 8
7 23 20
7 13 9
7 26 11
8 27 1
8 22 10
8 9 19
8 19 2
8 17 12
8 15 1
8 13 8
8 23 19
8 10 15
8 4 14
8 16 3
8 28 11
8 26 9
8 24 14
10 11 19
10 24 20
10 12 7
10 16 11
10 26 18
10 28 2
10 19 5
10 18 6
10 3 8
10 20 14
10 22 4
11 6 5
11 28 15
11 17 6
11 16 17
12 24 19
12 15 4
12 17 8
12 14 1
12 28 7
12 27 16
12 16 12
12 19 7
12 20 12
12 25 16
12 5 9
12 13 4
12 29 1
13 4 2
13 11 18
13 23 2
13 27 20
14 21 17
14 20 6
14 19 10
14 10 14
14 28 3
14 16 20
14 13 3
15 4 19
15 18 11
15 10 20
16 15 17
16 17 13
16 25 8
16 21 2
16 18 16
16 23 9
16 9 10
16 13 6
16 22 4
16 20 7
16 6 11
16 5 7
16 27 6
16 7 8
17 2 7
17 18 12
17 21 3
17 29 3
17 5 20
18 29 6
18 25 9
18 5 1
18 19 16
18 24 19
18 12 13
18 28 14
18 2 6
18 26 13
18 11 14
18 20 12
19 29 8
19 16 20
19 17 1
19 25 8
19 15 2
19 28 20
19 13 11
19 27 13
19 22 8
19 9 8
20 29 6
20 17 16
20 21 14
20 11 14
20 23 4
20 25 9
20 26 20
21 12 16
21 6 13
21 23 16
21 29 2
21 22 10
21 9 17
21 2 5
21 28 6
21 8 3
21 10 16
22 29 5
22 9 2
23 5 8
24 5 1
24 27 19
24 9 6
24 17 16
24 26 12
25 6 15
25 13 17
25 26 15
25 21 5
25 24 18
25 11 4
25 9 14
26 19 15
26 11 2
26 14 16
26 27 10
26 13 5
27 20 20
27 21 20
27 22 4
27 23 1
27 7 1
27 10 4
27 29 3
29 10 14
29 2 3
4 30 5
5 30 16
8 30 19
10 30 5
12 30 7
13 30 13
15 30 4
16 30 14
18 30 3
19 30 15
20 30 18
29 31 5
31 28 5
27 32 13
32 3 13
13 33 2
33 9 2
21 34 19
34 19 19
11 35 9
35 15 9
19 36 7
36 2 7
24 37 9
37 2 9
16 38 12
38 2 12
4 39 11
39 2 11
20 40 18
40 3 18
19 41 15
41 3 15
18 42 15
42 3 15
4 43 8
43 3 8
27 44 10
44 4 10
6 45 9
45 4 9
25 46 10
46 4 10
19 47 17
47 5 17
10 48 5
48 5 5
11 49 2
49 5 2
8 50 12
50 5 12
21 51 7
51 5 7
10 52 6
52 6 6
8 53 4
53 6 4
7 54 9
54 6 9
18 55 10
55 7 10
19 56 7
56 7 7
24 57 13
57 7 13
27 58 20
58 8 20
17 59 2
59 8 2
13 60 15
60 8 15
11 61 5
61 10 5
24 62 3
62 10 3
16 63 12
63 10 12
17 64 11
64 11 11
16 65 5
65 11 5
24 66 3
66 12 3
17 67 20
67 12 20
16 68 18
68 12 18
25 69 9
69 12 9
21 70 17
70 14 17
18 71 19
71 15 19
21 72 20
72 16 20
18 73 6
73 16 6
18 74 18
74 17 18
25 75 7
75 18 7
19 76 9
76 18 9
25 77 14
77 19 14
21 78 9
78 20 9
27 79 7
79 24 7
0 86 96 96 96 96 82 86 96 96 96 96 96 72 88 96 96 96 96 96 96 88 92 96 96 96 96 96 76 96 
0 0 69 69 69 69 69 69 69 69 69 69 69 69 69 69 69 69 69 69 69 68 69 69 69 69 69 69 62 69 
0 86 0 103 109 102 82 85 105 138 114 113 99 71 88 119 138 97 138 129 100 68 92 138 103 138 129 112 62 138 
0 86 111 0 109 102 82 85 105 150 114 113 99 71 88 119 150 97 150 129 100 68 92 140 103 150 129 112 62 139 
0 86 111 103 0 102 82 85 105 128 114 113 99 71 88 119 128 97 128 128 100 68 92 128 103 128 128 112 62 139 
0 86 103 103 103 0 82 85 103 103 103 103 99 71 88 103 103 97 103 103 100 68 92 103 103 103 103 103 62 103 
0 86 111 103 109 102 0 85 105 140 114 113 99 71 88 119 140 97 140 129 100 68 92 140 103 140 129 112 62 139 
0 86 111 103 109 102 82 0 105 161 114 113 99 71 88 119 166 97 153 129 100 68 92 140 103 154 129 112 62 139 
0 20 20 20 20 20 20 20 0 20 20 20 20 20 20 20 20 20 20 20 20 20 20 20 20 20 20 20 20 20 
0 86 111 103 109 102 82 85 105 0 114 113 99 71 88 119 145 97 145 129 100 68 92 140 103 145 129 112 62 139 
0 59 59 59 59 59 59 59 59 59 0 59 59 59 59 59 59 59 59 59 59 59 59 59 59 59 59 59 59 59 
0 86 111 103 109 102 82 85 105 136 114 0 99 71 88 119 136 97 136 129 100 68 92 136 103 136 129 112 62 139 
0 77 77 77 77 77 77 77 79 77 77 77 0 71 77 77 77 77 77 77 77 68 77 77 77 77 77 77 62 90 
0 86 93 93 93 93 82 85 93 93 93 93 93 0 88 93 93 93 93 93 93 68 92 93 93 93 93 93 62 93 
0 70 70 70 70 70 70 70 70 70 70 70 70 70 0 70 70 70 70 70 70 68 70 70 70 70 70 70 62 74 
0 86 111 103 109 102 82 85 105 161 114 113 99 71 88 0 166 97 153 129 100 68 92 140 103 154 129 112 62 139 
0 86 98 98 98 98 82 85 98 98 98 98 98 71 88 98 0 97 98 98 98 68 92 98 98 98 98 98 62 98 
0 86 111 103 109 102 82 85 105 161 114 113 99 71 88 119 166 0 153 129 100 68 92 140 103 154 129 112 62 139 
0 86 111 103 109 102 82 85 105 161 114 113 99 71 88 119 166 97 0 129 100 68 92 140 103 154 129 112 62 139 
0 86 111 103 109 102 82 85 105 121 114 113 99 71 88 119 121 97 121 0 100 68 92 121 103 121 121 112 62 139 
0 86 111 103 109 102 82 85 105 161 114 113 99 71 88 119 166 97 153 129 0 68 92 140 103 154 129 112 62 139 
0 27 27 27 27 27 27 27 27 27 27 27 27 27 27 27 27 27 27 27 27 0 27 27 27 27 27 27 27 27 
0 28 28 28 28 28 28 28 28 28 28 28 28 28 28 28 28 28 28 28 28 28 0 28 28 28 28 28 28 28 
0 86 102 102 102 102 82 85 102 102 102 102 99 71 88 102 102 97 102 102 100 68 92 0 102 102 102 102 62 102 
0 86 111 103 109 102 82 85 105 148 114 113 99 71 88 119 148 97 148 129 100 68 92 140 0 148 129 112 62 139 
0 68 68 68 68 68 68 68 68 68 68 68 68 68 68 68 68 68 68 68 68 68 68 68 68 0 68 68 62 68 
0 86 111 103 109 102 82 85 105 123 114 113 99 71 88 119 123 97 123 123 100 68 92 123 103 123 0 112 62 123 
0 20 20 20 20 20 20 20 20 20 20 20 20 20 20 20 20 20 20 20 20 20 20 20 20 20 20 0 20 20 
0 37 37 37 37 37 37 37 37 37 37 37 37 37 37 37 37 37 37 37 37 37 37 37 37 37 37 42 0 37 
0 0 0 0 0 0 0 0 0 0 0 0 0 0 0 0 0 0 0 0 0 0 0 0 0 0 0 0 0 0 
0