80 350 30 0
1 7 20
7 2 20
2 19 20
19 15 20
15 6 20
6 22 20
22 26 20
26 29 20
29 14 20
14 21 20
21 5 20
5 23 20
23 27 20
27 4 20
4 18 20
18 8 20
8 24 20
24 9 20
9 17 20
17 11 20
11 25 20
25 28 20
28 13 20
13 10 20
10 16 20
16 3 20
3 12 20
12 20 20
9 30 20
1 3 20
1 11 13
1 26 18
1 6 14
1 30 14
2 24 18
2 26 18
3 22 15
3 14 5
3 20 16
3 6 7
3 21 2
3 19 14
3 9 17
3 8 5
3 25 6
3 2 16
3 7 20
3 13 6
3 17 15
3 27 13
3 18 10
3 5 3
4 26 15
4 15 19
4 16 20
4 19 15
4 7 20
4 3 15
4 12 2
5 26 1
5 24 8
5 15 6
5 18 8
5 27 9
6 21 15
6 9 14
6 29 16
6 4 4
6 19 1
6 11 18
6 12 1
6 26 19
6 10 15
6 17 6
6 28 14
6 5 14
6 7 10
6 20 12
6 24 1
6 23 20
7 23 11
8 20 5
8 27 7
8 5 15
8 4 6
8 26 12
8 28 8
8 23 1
9 5 3
10 22 2
10 24 4
10 7 2
10 21 19
10 29 8
10 11 3
10 27 20
10 26 10
10 14 18
11 13 1
11 28 5
11 7 12
11 16 7
11 29 20
11 15 10
11 26 4
11 27 18
11 9 9
11 2 17
11 22 9
11 18 12
11 12 19
12 17 14
13 14 7
13 7 20
13 17 17
13 4 20
13 16 16
13 8 19
13 12 14
13 22 8
13 5 13
13 6 16
13 25 6
13 19 4
13 18 19
14 19 3
14 25 11
14 2 7
14 27 3
15 21 15
15 26 4
15 8 15
15 25 18
15 10 6
15 9 3
15 23 5
15 2 3
15 14 9
15 27 18
15 3 19
15 29 20
15 28 5
16 21 1
16 14 3
16 12 8
16 20 4
16 17 7
16 28 3
16 9 9
16 15 6
16 26 15
16 18 4
16 25 8
17 4 2
17 5 2
17 10 8
17 26 1
17 7 6
17 15 19
17 29 5
17 14 8
17 20 4
17 2 6
17 22 11
17 8 10
17 24 1
18 22 11
18 2 7
18 20 5
18 28 4
18 6 18
18 25 15
19 20 10
19 27 6
19 8 13
19 23 10
19 25 9
19 7 2
19 24 20
19 21 17
19 29 16
19 22 7
19 18 1
19 10 2
19 9 15
20 4 9
20 26 11
21 8 11
21 23 6
21 9 13
21 4 14
21 13 6
21 2 9
21 12 2
21 11 2
22 14 9
22 23 4
22 15 2
22 12 17
22 28 5
22 21 2
22 24 18
22 20 4
22 9 15
22 2 20
22 8 18
22 4 11
23 28 3
23 26 5
23 25 9
23 13 5
23 17 18
23 9 5
23 10 10
23 18 7
23 20 8
23 4 8
23 11 9
24 25 20
24 13 18
24 4 17
25 29 15
25 4 5
25 12 1
25 2 1
25 7 8
26 9 19
28 7 4
28 12 15
29 13 2
29 21 20
29 5 13
29 7 11
29 9 14
29 23 19
29 27 8
2 30 18
4 30 18
8 30 11
14 30 11
17 30 8
20 30 11
21 30 6
23 30 9
24 30 15
25 30 13
26 30 6
27 30 10
28 30 11
29 30 13
6 31 12
31 15 12
29 32 9
32 26 9
23 33 20
33 5 20
18 34 8
34 4 8
17 35 9
35 9 9
11 36 10
36 17 10
13 37 13
37 28 13
3 38 18
38 16 18
22 39 7
39 3 7
6 40 2
40 3 2
19 41 4
41 3 4
17 42 20
42 3 20
5 43 19
43 3 19
15 44 16
44 4 16
16 45 8
45 4 8
19 46 10
46 4 10
15 47 7
47 5 7
11 48 3
48 6 3
10 49 12
49 6 12
17 50 14
50 6 14
23 51 10
51 7 10
28 52 1
52 8 1
23 53 9
53 8 9
13 54 10
54 11 10
16 55 13
55 11 13
29 56 9
56 11 9
15 57 19
57 11 19
26 58 17
58 11 17
17 59 4
59 13 4
16 60 8
60 13 8
22 61 17
61 13 17
25 62 14
62 13 14
19 63 12
63 14 12
27 64 3
64 14 3
25 65 3
65 15 3
23 66 4
66 15 4
28 67 20
67 15 20
21 68 18
68 16 18
20 69 2
69 17 2
22 70 14
70 17 14
24 71 4
71 17 4
22 72 1
72 18 1
20 73 18
73 18 18
21 74 15
74 19 15
29 75 12
75 19 12
23 76 3
76 22 3
24 77 11
77 22 11
28 78 13
78 23 13
25 79 9
79 23 9
29 80 16
80 25 16
0 85 85 85 85 85 85 85 85 61 85 85 85 85 85 85 85 85 84 85 85 85 85 85 85 85 85 80 85 99 
0 0 56 56 56 56 56 56 56 56 56 56 56 56 56 56 56 56 56 56 56 56 56 56 56 56 56 56 56 74 
0 106 0 158 110 90 125 121 162 61 120 99 101 94 121 99 127 100 84 88 111 97 118 90 138 144 122 80 120 180 
0 106 106 0 110 90 125 121 126 61 120 99 101 94 121 99 126 100 84 88 111 97 118 90 126 126 122 80 120 144 
0 71 71 71 0 71 71 71 71 61 71 71 71 71 71 71 71 71 71 71 71 71 71 71 71 71 71 71 71 71 
0 106 106 158 110 0 125 121 162 61 120 99 101 94 121 99 127 100 84 88 111 97 118 90 138 144 122 80 120 180 
0 31 31 31 31 31 0 31 31 31 31 31 31 31 31 31 31 31 31 31 31 31 31 31 31 31 31 31 31 31 
0 74 74 74 74 74 74 0 74 61 74 74 74 74 74 74 74 74 74 74 74 74 74 74 74 74 74 74 74 85 
0 23 23 23 23 23 23 23 0 23 23 23 23 23 23 23 23 23 23 23 23 23 23 23 23 23 23 23 23 43 
0 106 106 118 110 90 118 118 118 0 118 99 101 94 118 99 118 100 84 88 111 97 118 90 118 118 118 80 118 118 
0 106 106 158 110 90 125 121 162 61 0 99 101 94 121 99 127 100 84 88 111 97 118 90 138 144 122 80 120 176 
0 34 34 34 34 34 34 34 34 34 34 0 34 34 34 34 34 34 34 34 34 34 34 34 34 34 34 34 34 34 
0 106 106 158 110 90 125 121 162 61 120 99 0 94 121 99 127 100 84 88 111 97 118 90 138 144 122 80 120 180 
0 44 44 44 44 44 44 44 44 44 44 44 44 0 44 44 44 44 44 44 44 44 44 44 44 44 44 44 44 55 
0 106 106 158 110 90 125 121 162 61 120 99 101 94 0 99 127 100 84 88 111 97 118 90 138 144 122 80 120 180 
0 106 106 117 110 90 117 117 117 61 117 99 101 94 117 0 117 100 84 88 111 97 117 90 117 117 117 80 117 117 
0 106 106 144 110 90 125 121 150 61 120 99 101 94 121 99 0 100 84 88 111 97 118 90 138 144 122 80 120 158 
0 88 88 88 88 88 88 88 88 61 88 88 88 88 88 88 88 0 84 88 88 88 88 88 88 88 88 80 88 88 
0 106 106 158 110 90 125 121 162 61 120 99 101 94 121 99 127 100 0 88 111 97 118 90 138 144 122 80 120 174 
0 40 40 40 40 40 40 40 40 40 40 40 40 40 40 40 40 40 40 0 40 40 40 40 40 40 40 40 40 51 
0 106 106 116 110 90 116 116 116 61 116 99 101 94 116 99 116 100 84 88 0 97 116 90 116 116 116 80 116 122 
0 106 106 158 110 90 125 121 162 61 120 99 101 94 121 99 127 100 84 88 111 0 118 90 138 144 122 80 120 180 
0 106 106 153 110 90 125 121 153 61 120 99 101 94 121 99 127 100 84 88 111 97 0 90 138 144 122 80 120 162 
0 90 90 90 90 90 90 90 90 61 90 90 90 90 90 90 90 90 84 88 90 90 90 0 90 90 90 80 90 105 
0 76 76 76 76 76 76 76 76 61 76 76 76 76 76 76 76 76 76 76 76 76 76 76 0 76 76 76 76 89 
0 56 56 56 56 56 56 56 56 56 56 56 56 56 56 56 56 56 56 56 56 56 56 56 56 0 56 56 56 62 
0 23 23 23 23 23 23 23 23 23 23 23 23 23 23 23 23 23 23 23 23 23 23 23 23 23 0 23 23 33 
0 73 73 73 73 73 73 73 73 61 73 73 73 73 73 73 73 73 73 73 73 73 73 73 73 73 73 0 73 84 
0 106 106 153 110 90 125 121 153 61 120 99 101 94 121 99 127 100 84 88 111 97 118 90 138 144 122 80 0 166 
0 0 0 0 0 0 0 0 0 0 0 0 0 0 0 0 0 0 0 0 0 0 0 0 0 0 0 0 0 0 
0