76 346 30 0
1 12 20
12 18 20
18 13 20
13 26 20
26 25 20
25 19 20
19 21 20
21 8 20
8 15 20
15 28 20
28 4 20
4 6 20
6 27 20
27 24 20
24 2 20
2 11 20
11 9 20
9 5 20
5 7 20
7 17 20
17 29 20
29 16 20
16 22 20
22 20 20
20 3 20
3 10 20
10 23 20
23 14 20
3 30 20
1 2 10
1 22 19
1 23 11
1 8 7
1 26 6
1 21 18
1 17 9
1 11 4
1 29 14
1 16 7
1 4 20
1 7 18
1 14 2
1 9 4
1 18 11
1 10 5
1 25 15
1 13 12
1 27 14
1 30 6
2 9 8
2 4 12
2 12 6
3 25 6
3 14 13
3 6 9
3 24 6
3 9 12
3 19 2
3 2 20
3 8 19
3 11 17
3 21 12
3 13 3
3 5 12
3 23 1
3 12 6
3 26 6
3 27 18
5 23 11
5 22 14
5 15 3
5 6 4
5 25 2
5 27 7
5 28 5
5 21 20
5 2 11
5 17 10
5 4 2
5 26 4
6 8 10
7 13 1
7 4 3
7 21 19
7 20 19
7 28 15
7 14 16
7 9 16
7 2 10
8 25 9
8 19 11
8 20 18
8 26 3
8 5 3
9 16 16
9 14 19
9 26 9
9 20 3
9 22 10
9 27 7
9 29 5
9 8 16
10 18 4
10 15 18
10 5 11
10 6 15
10 21 2
10 12 11
10 8 8
10 13 14
10 24 8
10 19 18
10 2 20
10 29 4
11 4 14
11 15 4
11 13 9
11 5 14
11 18 6
11 6 4
11 28 2
11 14 14
11 25 12
11 24 8
11 19 16
11 12 18
11 23 4
11 17 4
11 21 20
12 14 16
12 25 4
12 24 14
12 16 17
12 23 8
12 4 20
13 28 19
13 9 7
13 12 11
13 27 14
13 2 14
13 22 3
13 5 8
13 25 5
13 29 2
13 20 2
13 21 9
13 6 7
13 17 14
13 4 17
15 3 1
15 26 14
15 9 14
15 4 5
15 13 3
15 20 4
15 23 20
15 17 5
16 17 8
18 21 7
18 24 7
19 14 11
19 24 17
19 9 6
19 27 16
19 5 9
19 15 15
19 28 4
19 23 3
19 13 18
19 4 8
20 19 3
20 5 3
20 17 6
20 26 10
20 24 19
20 29 18
20 2 4
20 6 20
21 9 7
21 20 6
21 26 11
21 14 12
22 29 20
22 23 15
22 24 3
22 18 16
22 3 17
22 19 13
22 4 4
22 11 8
23 4 7
23 24 4
23 13 15
23 20 13
23 21 19
23 25 1
23 29 5
24 16 12
24 21 14
24 4 14
24 14 15
24 7 5
24 5 19
24 9 2
24 26 4
24 8 20
25 21 2
25 18 1
25 6 19
25 28 17
25 14 11
25 27 7
25 7 7
26 19 9
26 27 4
27 8 14
27 7 12
27 23 4
27 14 14
27 2 10
27 11 2
27 4 20
27 20 12
27 28 12
27 22 15
27 12 18
28 8 18
28 16 18
28 26 1
28 20 5
28 12 2
28 3 13
28 6 12
29 7 1
29 11 15
29 19 12
29 3 17
29 25 4
29 2 4
29 24 7
29 5 4
29 14 1
5 30 18
10 30 17
11 30 12
13 30 11
14 30 3
15 30 9
17 30 13
19 30 19
26 30 17
27 30 19
28 30 7
29 30 15
25 31 6
31 26 6
21 32 6
32 19 6
28 33 14
33 15 14
27 34 14
34 6 14
24 35 2
35 27 2
2 36 20
36 24 20
11 37 2
37 2 2
13 38 19
38 3 19
23 39 14
39 3 14
12 40 9
40 3 9
26 41 1
41 3 1
23 42 19
42 5 19
15 43 13
43 5 13
25 44 8
44 5 8
28 45 6
45 5 6
26 46 11
46 5 11
20 47 13
47 7 13
28 48 12
48 7 12
9 49 5
49 7 5
25 50 10
50 8 10
19 51 12
51 8 12
20 52 8
52 9 8
27 53 14
53 9 14
29 54 20
54 9 20
18 55 7
55 10 7
15 56 3
56 10 3
13 57 6
57 10 6
24 58 5
58 10 5
15 59 13
59 11 13
13 60 7
60 11 7
28 61 12
61 11 12
19 62 17
62 11 17
23 63 20
63 11 20
24 64 11
64 12 11
28 65 20
65 13 20
27 66 11
66 13 11
25 67 6
67 13 6
17 68 4
68 13 4
17 69 13
69 16 13
28 70 11
70 19 11
29 71 15
71 20 15
24 72 14
72 23 14
25 73 19
73 23 19
28 74 16
74 25 16
27 75 3
75 26 3
28 76 15
76 27 15
0 125 111 166 160 124 93 154 138 46 135 103 136 164 74 103 76 58 121 117 162 81 130 133 94 97 124 94 88 186 
0 0 66 66 66 66 66 66 66 41 66 66 66 66 66 66 66 47 66 66 66 62 66 66 66 66 66 66 66 66 
0 115 0 146 160 124 75 147 134 41 131 83 124 162 74 96 67 47 121 117 144 62 119 133 79 91 110 94 74 180 
0 20 20 0 20 20 20 20 20 20 20 20 20 20 20 20 20 20 20 20 20 20 20 20 20 20 20 20 20 20 
0 113 111 113 0 113 75 113 113 41 113 83 113 113 74 96 67 47 113 113 113 62 113 113 79 91 110 94 74 131 
0 30 30 30 30 0 30 30 30 30 30 30 30 30 30 30 30 30 30 30 30 30 30 30 30 30 30 30 30 30 
0 103 103 103 103 103 0 103 103 41 103 83 103 119 74 96 67 47 103 103 103 62 103 103 79 91 103 94 74 106 
0 64 64 64 64 64 64 0 64 41 64 64 64 64 64 64 64 47 64 64 64 62 64 64 64 64 64 64 64 64 
0 91 91 91 91 91 75 91 0 41 91 83 91 110 74 91 67 47 91 91 91 62 91 91 79 91 91 91 74 94 
0 115 111 146 153 124 75 147 134 0 131 83 124 153 74 96 67 47 121 117 144 62 119 133 79 91 110 94 74 170 
0 115 111 146 157 124 75 147 134 41 0 83 124 162 74 96 67 47 121 117 144 62 119 133 79 91 110 94 74 172 
0 92 92 92 92 92 75 92 92 41 92 0 92 108 74 92 67 47 92 92 92 62 92 92 79 91 92 92 74 95 
0 115 111 146 160 124 75 147 134 41 131 83 0 162 74 96 67 47 121 117 144 62 119 133 79 91 110 94 74 180 
0 0 0 0 0 0 0 0 0 0 0 0 0 0 0 0 0 0 0 0 0 0 0 0 0 0 0 0 0 3 
0 115 111 115 115 115 75 115 115 41 115 83 115 115 0 96 67 47 115 115 115 62 115 115 79 91 110 94 74 124 
0 28 28 28 28 28 28 28 28 28 28 28 28 28 28 0 28 28 28 28 28 28 28 28 28 28 28 28 28 28 
0 37 37 37 37 37 37 37 37 37 37 37 37 37 37 37 0 37 37 37 37 37 37 37 37 37 37 37 37 50 
0 41 41 41 41 41 41 41 41 41 41 41 41 41 41 41 41 0 41 41 41 41 41 41 41 41 41 41 41 41 
0 115 111 145 145 124 75 145 134 41 131 83 124 156 74 96 67 47 0 117 144 62 119 133 79 91 110 94 74 167 
0 115 111 124 124 124 75 124 124 41 124 83 124 124 74 96 67 47 121 0 124 62 119 124 79 91 110 94 74 124 
0 50 50 50 50 50 50 50 50 41 50 50 50 62 50 50 50 47 50 50 0 50 50 50 50 50 50 50 50 53 
0 115 111 116 116 116 75 116 116 41 116 83 116 116 74 96 67 47 116 116 116 0 116 116 79 91 110 94 74 116 
0 115 111 117 117 117 75 117 117 41 117 83 117 137 74 96 67 47 117 117 117 62 0 117 79 91 110 94 74 120 
0 115 111 142 142 124 75 142 134 41 131 83 124 157 74 96 67 47 121 117 142 62 119 0 79 91 110 94 74 145 
0 115 111 122 122 122 75 122 122 41 122 83 122 133 74 96 67 47 121 117 122 62 119 122 0 91 110 94 74 125 
0 45 45 45 45 45 45 45 45 41 45 45 45 45 45 45 45 45 45 45 45 45 45 45 45 0 45 45 45 62 
0 115 111 146 157 124 75 147 134 41 131 83 124 162 74 96 67 47 121 117 144 62 119 133 79 91 0 94 74 179 
0 115 111 146 160 124 75 147 134 41 131 83 124 162 74 96 67 47 121 117 144 62 119 133 79 91 110 0 74 180 
0 115 111 119 119 119 75 119 119 41 119 83 119 120 74 96 67 47 119 117 119 62 119 119 79 91 110 94 0 135 
0 0 0 0 0 0 0 0 0 0 0 0 0 0 0 0 0 0 0 0 0 0 0 0 0 0 0 0 0 0 
0