83 353 30 0
1 5 20
5 6 20
6 9 20
9 22 20
22 27 20
27 12 20
12 19 20
19 16 20
16 7 20
7 15 20
15 11 20
11 8 20
8 13 20
13 20 20
20 25 20
25 28 20
28 24 20
24 26 20
26 29 20
29 17 20
17 23 20
23 4 20
4 3 20
3 10 20
10 18 20
18 14 20
14 2 20
2 21 20
4 30 20
1 6 17
1 20 4
1 29 15
1 15 2
1 27 4
1 18 3
1 3 1
1 16 6
1 12 3
1 9 14
1 28 14
1 4 8
1 7 8
1 2 6
1 11 11
1 13 1
2 12 14
2 18 15
2 29 16
2 8 5
2 19 9
2 28 3
2 17 5
2 3 1
2 4 15
2 13 3
2 11 1
2 22 18
2 15 7
4 14 7
4 11 18
4 22 19
4 18 14
4 6 15
4 21 10
4 5 14
4 13 13
4 25 9
4 15 13
4 9 12
4 19 7
4 28 1
4 27 3
4 17 5
4 16 15
4 26 11
4 10 19
5 19 6
5 23 12
6 13 16
6 25 7
6 10 19
6 8 10
7 4 17
7 26 20
7 14 13
7 3 1
7 22 15
7 12 7
7 9 19
7 2 18
7 6 17
7 18 20
7 24 1
7 19 1
7 17 9
7 20 14
7 23 11
7 5 15
7 10 7
7 28 13
8 15 4
8 22 9
8 3 1
8 4 18
9 24 15
9 10 4
9 29 8
9 3 5
9 18 17
9 2 3
9 21 4
9 15 18
9 12 6
9 25 2
9 23 13
9 5 19
9 17 10
9 27 2
9 14 12
10 25 17
10 15 5
10 26 3
10 22 7
10 8 11
10 24 16
10 29 3
10 12 1
10 16 4
10 5 4
11 16 14
12 15 6
12 26 9
12 23 17
12 24 3
12 8 9
12 13 19
12 29 12
12 5 11
12 14 3
12 22 1
12 18 15
12 6 15
12 11 16
12 16 10
12 17 2
13 23 14
14 22 16
14 25 10
14 16 1
14 6 13
14 3 17
14 13 1
14 15 20
14 27 1
14 19 15
14 24 16
15 20 15
15 17 18
15 19 13
15 22 11
15 13 9
15 6 14
15 29 17
15 16 20
15 25 3
15 27 17
15 5 2
15 21 5
16 21 8
16 27 3
16 9 8
16 17 20
16 2 11
16 29 2
16 18 17
16 23 4
16 28 13
16 6 11
16 8 6
17 21 16
17 6 13
17 8 1
17 5 16
17 10 12
17 26 6
17 18 9
17 20 12
17 11 1
18 27 12
18 21 15
18 15 8
18 23 12
18 5 1
18 6 11
18 8 19
18 20 11
18 29 9
19 11 16
19 22 7
20 6 10
20 14 7
20 28 5
20 27 5
20 24 13
20 11 19
20 9 15
20 4 3
20 21 10
20 23 14
20 12 15
20 10 5
20 8 5
20 2 8
22 11 8
22 26 1
22 6 4
22 17 20
22 3 3
22 5 17
22 20 2
22 25 2
22 28 6
23 21 4
23 29 5
23 8 17
23 11 20
23 25 15
23 27 10
23 3 11
23 19 8
23 2 19
23 28 4
23 26 8
24 4 19
24 25 4
24 2 17
24 19 2
24 5 13
24 15 14
24 8 2
25 5 2
25 12 9
25 11 11
25 26 5
27 26 13
6 30 7
7 30 15
9 31 7
31 6 7
12 32 20
32 27 20
19 33 16
33 12 16
16 34 2
34 19 2
7 35 4
35 16 4
15 36 16
36 7 16
20 37 9
37 13 9
4 38 8
38 23 8
10 39 8
39 3 8
2 40 8
40 14 8
18 41 8
41 2 8
22 42 1
42 2 1
15 43 19
43 2 19
14 44 18
44 4 18
15 45 14
45 4 14
9 46 14
46 4 14
16 47 11
47 4 11
23 48 13
48 5 13
25 49 16
49 6 16
10 50 7
50 6 7
14 51 9
51 7 9
22 52 1
52 7 1
12 53 7
53 7 7
9 54 8
54 7 8
18 55 15
55 7 15
17 56 15
56 7 15
20 57 17
57 7 17
15 58 20
58 8 20
21 59 9
59 9 9
15 60 14
60 9 14
12 61 5
61 9 5
23 62 16
62 9 16
17 63 6
63 9 6
14 64 13
64 9 13
22 65 4
65 10 4
24 66 6
66 10 6
12 67 13
67 10 13
16 68 18
68 10 18
23 69 2
69 12 2
14 70 9
70 12 9
18 71 20
71 12 20
16 72 13
72 12 13
23 73 4
73 13 4
22 74 20
74 14 20
16 75 11
75 14 11
20 76 8
76 15 8
17 77 8
77 15 8
25 78 5
78 15 5
17 79 1
79 16 1
18 80 4
80 16 4
23 81 20
81 18 20
20 82 14
82 18 14
25 83 19
83 22 19
0 130 68 137 137 137 116 125 137 127 137 135 95 101 137 99 109 137 83 78 92 137 125 84 89 96 97 79 107 42 
0 0 67 129 127 129 108 125 129 127 129 129 94 101 129 93 109 129 83 74 92 129 125 84 89 96 93 65 92 42 
0 20 0 20 20 20 20 20 20 20 20 20 20 20 20 20 20 20 20 20 20 20 20 20 20 20 20 20 20 20 
0 124 67 0 127 173 108 125 137 127 130 132 94 101 136 93 109 161 83 74 92 142 125 84 89 96 93 65 92 42 
0 38 38 38 0 38 38 38 38 38 38 38 38 38 38 38 38 38 38 38 38 38 38 38 38 38 38 38 38 38 
0 72 67 72 72 0 72 72 72 72 72 72 72 72 72 72 72 72 72 72 72 72 72 72 72 72 72 65 72 42 
0 124 67 149 127 173 0 125 137 127 130 132 94 101 136 93 109 161 83 74 92 142 125 84 89 96 93 65 92 42 
0 52 52 52 52 52 52 0 52 52 52 52 52 52 52 52 52 52 52 52 52 52 52 52 52 52 52 52 52 42 
0 124 67 149 127 173 108 125 0 127 130 132 94 101 136 93 109 161 83 74 92 142 125 84 89 96 93 65 92 42 
0 98 67 98 98 98 98 98 98 0 98 98 94 98 98 93 98 98 83 74 92 98 98 84 89 96 93 65 92 42 
0 34 34 34 34 34 34 34 34 34 0 34 34 34 34 34 34 34 34 34 34 34 34 34 34 34 34 34 34 34 
0 124 67 149 127 173 108 125 137 127 130 0 94 101 136 93 109 161 83 74 92 142 125 84 89 96 93 65 92 42 
0 34 34 34 34 34 34 34 34 34 34 34 0 34 34 34 34 34 34 34 34 34 34 34 34 34 34 34 34 34 
0 124 67 149 127 173 108 125 137 127 130 132 94 0 136 93 109 161 83 74 92 142 125 84 89 96 93 65 92 42 
0 124 67 149 127 173 108 125 137 127 130 132 94 101 0 93 109 161 83 74 92 142 125 84 89 96 93 65 92 42 
0 124 67 149 127 173 108 125 137 127 130 132 94 101 136 0 109 161 83 74 92 142 125 84 89 96 93 65 92 42 
0 123 67 123 123 123 108 123 123 123 123 123 94 101 123 93 0 123 83 74 92 123 123 84 89 96 93 65 92 42 
0 124 67 149 127 159 108 125 137 127 130 132 94 101 136 93 109 0 83 74 92 142 125 84 89 96 93 65 92 42 
0 59 59 59 59 59 59 59 59 59 59 59 59 59 59 59 59 59 0 59 59 59 59 59 59 59 59 59 59 42 
0 124 67 149 127 173 108 125 137 127 130 132 94 101 136 93 109 161 83 0 92 142 125 84 89 96 93 65 92 42 
0 9 9 9 9 9 9 9 9 9 9 9 9 9 9 9 9 9 9 9 0 9 9 9 9 9 9 9 9 9 
0 109 67 109 109 109 108 109 109 109 109 109 94 101 109 93 109 109 83 74 92 0 109 84 89 96 93 65 92 42 
0 124 67 149 127 173 108 125 137 127 130 132 94 101 136 93 109 161 83 74 92 142 0 84 89 96 93 65 92 42 
0 97 67 97 97 97 97 97 97 97 97 97 94 97 97 93 97 97 83 74 92 97 97 0 89 96 93 65 92 42 
0 87 67 87 87 87 87 87 87 87 87 87 87 87 87 87 87 87 83 74 87 87 87 84 0 87 87 65 87 42 
0 20 20 20 20 20 20 20 20 20 20 20 20 20 20 20 20 20 20 20 20 20 20 20 20 0 20 20 20 20 
0 33 33 33 33 33 33 33 33 33 33 33 33 33 33 33 33 33 33 33 33 33 33 33 33 33 0 33 33 33 
0 20 20 20 20 20 20 20 20 20 20 20 20 20 20 20 20 20 20 20 20 20 20 20 20 20 20 0 20 20 
0 20 20 20 20 20 20 20 20 20 20 20 20 20 20 20 20 20 20 20 20 20 20 20 20 20 20 20 0 20 
0 0 0 0 0 0 0 0 0 0 0 0 0 0 0 0 0 0 0 0 0 0 0 0 0 0 0 0 0 0 
0