83 353 30 0
1 20 20
20 14 20
14 26 20
26 22 20
22 16 20
16 15 20
15 5 20
5 7 20
7 8 20
8 2 20
2 25 20
25 24 20
24 12 20
12 27 20
27 4 20
4 10 20
10 18 20
18 29 20
29 17 20
17 13 20
13 21 20
21 9 20
9 3 20
3 19 20
19 11 20
11 28 20
28 23 20
23 6 20
3 30 20
2 24 6
2 21 6
2 4 13
3 13 19
3 2 17
3 16 2
3 8 18
3 24 14
3 7 16
3 6 20
3 27 16
4 5 1
4 28 8
4 9 14
5 18 5
5 29 7
6 22 10
6 29 5
6 20 2
6 12 6
6 2 17
7 11 19
7 21 1
7 17 13
7 28 14
7 10 6
8 4 7
8 9 8
9 12 16
9 27 3
9 6 20
9 19 8
9 20 1
9 10 20
9 29 1
9 2 10
9 25 3
9 24 3
9 14 8
9 18 20
9 11 15
9 22 13
9 28 6
10 21 18
10 13 13
10 28 13
10 2 8
10 29 5
10 27 7
10 20 9
10 6 16
10 25 2
10 8 7
10 16 5
10 17 19
10 3 3
10 14 2
10 5 2
10 15 1
10 12 12
11 20 12
11 10 16
11 24 16
11 25 2
11 13 3
11 3 3
11 16 17
11 18 14
11 12 12
11 22 20
11 17 1
11 8 19
11 23 15
12 25 17
12 2 20
12 15 14
12 22 11
12 26 11
12 14 16
12 28 19
13 28 4
13 14 6
13 19 9
13 26 11
13 18 9
13 22 13
13 16 13
13 24 14
13 2 13
13 5 10
13 15 20
13 7 16
13 25 19
13 6 3
13 4 17
14 25 9
14 17 19
14 27 17
14 11 4
14 6 9
14 21 8
15 19 18
15 26 18
15 20 3
15 9 6
15 4 15
15 29 10
15 23 7
15 3 9
15 21 6
15 17 12
15 2 17
16 17 11
16 9 4
16 6 8
16 26 8
16 24 7
17 18 9
17 27 10
17 9 1
17 19 2
18 24 18
18 16 13
18 7 4
18 21 3
18 14 1
18 27 16
18 2 17
18 20 3
18 12 6
18 22 10
18 28 18
18 3 9
18 15 10
19 16 15
19 10 14
19 20 14
19 26 6
20 21 3
20 3 11
20 17 16
20 13 5
20 5 19
20 26 10
20 7 12
20 25 8
20 12 13
21 27 20
21 29 5
21 24 17
21 25 3
21 12 2
21 5 9
21 22 18
21 17 16
22 2 20
22 24 9
22 23 15
22 14 1
22 10 11
22 15 19
23 26 12
23 21 10
23 19 20
24 5 16
24 19 4
24 17 3
24 6 1
24 23 2
24 27 10
25 3 9
25 15 8
25 7 7
25 27 6
25 19 10
25 16 2
25 5 14
25 8 11
26 24 13
26 2 14
26 9 17
26 18 17
26 17 17
27 15 7
28 29 18
28 2 18
28 20 9
28 5 6
28 3 14
28 25 8
28 17 12
28 22 19
28 24 15
28 26 12
28 8 8
28 21 5
29 25 6
29 12 19
29 2 4
29 14 16
29 24 20
29 13 3
29 3 9
29 20 5
29 27 16
29 7 15
29 23 2
29 8 19
29 22 20
29 11 4
29 26 12
9 30 17
10 30 13
12 30 3
13 30 8
15 30 18
16 30 6
23 30 4
14 31 5
31 20 5
22 32 11
32 26 11
16 33 18
33 22 18
7 34 17
34 5 17
25 35 18
35 2 18
18 36 18
36 10 18
29 37 2
37 18 2
17 38 16
38 29 16
21 39 10
39 13 10
11 40 16
40 19 16
28 41 20
41 11 20
21 42 6
42 2 6
24 43 9
43 3 9
6 44 1
44 3 1
9 45 4
45 4 4
29 46 9
46 6 9
20 47 12
47 6 12
12 48 7
48 6 7
11 49 19
49 7 19
21 50 5
50 7 5
28 51 3
51 7 3
9 52 3
52 8 3
10 53 16
53 9 16
29 54 14
54 9 14
14 55 15
55 9 15
18 56 20
56 9 20
11 57 1
57 9 1
28 58 13
58 9 13
21 59 10
59 10 10
13 60 9
60 10 9
25 61 19
61 10 19
24 62 15
62 11 15
18 63 12
63 11 12
22 64 19
64 11 19
25 65 1
65 12 1
15 66 7
66 12 7
28 67 2
67 12 2
19 68 16
68 13 16
26 69 10
69 13 10
18 70 5
70 13 5
22 71 4
71 13 4
15 72 5
72 13 5
25 73 7
73 14 7
21 74 16
74 14 16
19 75 11
75 15 11
23 76 12
76 15 12
17 77 19
77 16 19
26 78 3
78 16 3
18 79 10
79 17 10
22 80 2
80 18 2
26 81 11
81 20 11
29 82 17
82 21 17
22 83 1
83 21 1
0 20 20 20 20 20 20 20 20 20 20 20 20 20 20 20 20 20 20 20 20 20 20 20 20 20 20 20 20 20 
0 0 45 45 45 45 45 45 45 45 45 45 45 45 45 45 45 45 45 45 45 45 45 45 45 45 45 45 45 45 
0 142 0 76 114 125 117 105 142 142 128 116 113 93 122 109 142 98 107 74 98 142 61 142 97 131 141 102 87 89 
0 43 43 0 43 43 43 43 43 43 43 43 43 43 43 43 43 43 43 43 43 43 43 43 43 43 43 43 43 43 
0 32 32 32 0 32 32 32 32 32 32 32 32 32 32 32 32 32 32 32 32 32 32 32 32 32 32 32 32 32 
0 41 41 41 41 0 41 41 41 41 41 41 41 41 41 41 41 41 41 41 41 41 41 41 41 41 41 41 41 41 
0 85 85 76 90 85 0 85 85 85 85 85 85 85 85 85 85 85 85 74 85 85 61 85 85 85 85 85 85 85 
0 35 35 35 35 35 35 0 35 35 35 35 35 35 35 35 35 35 35 35 35 35 35 35 35 35 35 35 35 35 
0 174 97 76 114 125 117 105 0 143 128 116 113 93 122 109 169 98 107 74 98 172 61 172 97 131 141 102 87 89 
0 178 97 76 114 125 117 105 149 0 128 116 113 93 122 109 169 98 107 74 98 172 61 172 97 131 141 102 87 89 
0 206 97 76 114 125 117 105 149 143 0 116 113 93 122 109 169 98 107 74 98 172 61 172 97 131 141 102 87 89 
0 135 97 76 114 125 117 105 135 135 128 0 113 93 122 109 135 98 107 74 98 135 61 135 97 131 135 102 87 89 
0 206 97 76 114 125 117 105 149 143 128 116 0 93 122 109 169 98 107 74 98 172 61 172 97 131 141 102 87 89 
0 106 97 76 106 106 106 105 106 106 106 106 106 0 106 106 106 98 106 74 98 106 61 106 97 106 106 102 87 89 
0 153 97 76 114 125 117 105 149 143 128 116 113 93 0 109 153 98 107 74 98 153 61 153 97 131 141 102 87 89 
0 76 76 76 76 76 76 76 76 76 76 76 76 76 76 0 76 76 76 74 76 76 61 76 76 76 76 76 76 82 
0 77 77 76 77 77 77 77 77 77 77 77 77 77 77 77 0 77 77 74 77 77 61 77 77 77 77 77 77 77 
0 213 97 76 114 125 117 105 149 143 128 116 113 93 122 109 169 0 107 74 98 172 61 172 97 131 141 102 87 89 
0 96 96 76 96 96 96 96 96 96 96 96 96 93 96 96 96 96 0 74 96 96 61 96 96 96 96 96 87 89 
0 129 97 76 114 125 117 105 129 129 128 116 113 93 122 109 129 98 107 0 98 129 61 129 97 129 129 102 87 89 
0 157 97 76 114 125 117 105 149 143 128 116 113 93 122 109 157 98 107 74 0 157 61 157 97 131 141 102 87 89 
0 132 97 76 114 125 117 105 132 132 128 116 113 93 122 109 132 98 107 74 98 0 61 132 97 131 132 102 87 89 
0 74 74 74 74 74 74 74 74 74 74 74 74 74 74 74 74 74 74 74 74 74 0 74 74 74 74 74 74 78 
0 80 80 76 80 80 80 80 80 80 80 80 80 80 80 80 80 80 80 74 80 80 61 0 80 80 80 80 80 80 
0 132 97 76 114 125 117 105 132 132 128 116 113 93 122 109 132 98 107 74 98 132 61 132 0 131 132 102 87 89 
0 122 97 76 114 122 117 105 122 122 122 116 113 93 122 109 122 98 107 74 98 122 61 122 97 0 122 102 87 89 
0 27 27 27 27 27 27 27 27 27 27 27 27 27 27 27 27 27 27 27 27 27 27 27 27 27 0 27 27 27 
0 202 97 76 114 125 117 105 149 143 128 116 113 93 122 109 169 98 107 74 98 172 61 172 97 131 141 0 87 89 
0 219 97 76 114 125 117 105 149 143 128 116 113 93 122 109 169 98 107 74 98 172 61 172 97 131 141 102 0 89 
0 0 0 0 0 0 0 0 0 0 0 0 0 0 0 0 0 0 0 0 0 0 0 0 0 0 0 0 0 0 
0