82 352 30 0
1 6 20
6 26 20
26 12 20
12 14 20
14 11 20
11 15 20
15 13 20
13 23 20
23 21 20
21 18 20
18 22 20
22 10 20
10 4 20
4 16 20
16 24 20
24 8 20
8 28 20
28 17 20
17 25 20
25 20 20
20 29 20
29 27 20
27 2 20
2 5 20
5 3 20
3 7 20
7 9 20
9 19 20
2 30 20
1 30 9
2 4 7
2 6 17
3 29 12
3 26 14
3 8 16
3 11 20
3 15 8
3 19 15
4 24 3
4 7 11
5 14 18
5 9 20
5 28 3
6 11 17
6 16 9
6 15 20
6 21 3
6 18 6
6 25 10
6 7 10
6 29 13
7 8 13
7 26 16
7 22 1
7 18 6
7 20 1
7 2 13
7 24 6
7 17 1
7 16 19
7 29 8
7 5 11
7 10 17
7 25 20
7 23 15
7 15 19
7 14 12
8 29 18
8 17 13
8 22 19
8 26 12
8 11 3
8 13 9
8 12 19
8 6 7
8 10 6
8 9 2
9 11 8
10 15 14
10 28 18
10 21 6
10 24 19
10 3 4
10 19 2
10 11 6
10 9 3
11 21 5
11 12 7
12 24 1
12 19 16
12 17 17
12 15 19
12 5 10
12 4 19
12 16 18
12 23 6
12 25 5
12 28 1
12 6 19
12 13 10
12 10 10
13 16 4
13 5 15
13 25 13
13 28 20
13 21 13
13 20 9
14 13 15
14 24 10
14 22 19
14 19 6
15 28 1
15 5 6
15 8 10
15 21 5
15 27 8
15 16 8
15 17 7
16 9 1
16 3 19
16 29 18
16 23 8
16 10 11
16 27 20
16 14 11
16 2 1
16 17 7
16 25 4
16 11 6
16 28 1
17 13 19
17 18 12
17 11 17
17 5 17
17 10 2
17 23 10
17 26 6
17 4 18
18 3 1
18 25 2
18 28 10
18 5 14
18 4 13
18 26 17
18 15 20
18 12 15
18 14 13
18 8 9
18 2 15
18 19 15
18 9 7
19 29 2
19 6 13
19 4 16
20 2 10
20 19 7
20 14 17
20 6 14
20 10 6
20 21 2
20 15 19
20 16 1
20 8 10
20 26 18
20 28 13
21 26 15
21 9 13
21 16 10
21 27 19
21 28 1
21 8 13
21 5 18
21 24 16
21 7 17
21 14 15
23 26 12
23 18 6
23 22 15
23 10 8
23 4 12
23 2 8
23 5 3
24 18 18
24 5 6
24 9 18
24 28 4
24 27 2
24 11 1
24 20 4
24 26 3
24 13 3
24 22 6
24 19 3
24 15 19
24 23 6
25 8 16
25 11 18
25 3 9
25 19 5
25 26 5
26 5 10
26 19 10
26 4 8
26 10 6
26 29 7
26 28 15
27 17 14
27 4 18
27 7 5
27 9 7
27 20 5
27 28 13
27 22 5
27 19 9
27 12 2
27 10 8
27 25 14
27 8 17
27 13 10
27 26 15
27 23 17
28 23 15
28 22 9
28 11 18
28 6 18
28 19 3
29 11 12
29 24 5
29 23 16
3 30 10
9 30 13
12 30 17
14 30 1
15 30 2
16 30 9
17 30 4
18 30 11
19 30 6
20 30 6
21 30 5
22 30 11
23 30 17
24 30 20
25 30 14
26 30 4
27 30 4
28 30 20
29 30 15
12 31 15
31 26 15
11 32 8
32 14 8
15 33 5
33 11 5
21 34 10
34 23 10
18 35 19
35 21 19
4 36 15
36 10 15
16 37 20
37 4 20
24 38 16
38 16 16
8 39 19
39 24 19
17 40 13
40 28 13
25 41 18
41 17 18
29 42 16
42 20 16
27 43 17
43 29 17
3 44 19
44 5 19
6 45 1
45 2 1
29 46 17
46 3 17
26 47 5
47 3 5
8 48 19
48 3 19
19 49 12
49 3 12
24 50 20
50 4 20
7 51 9
51 4 9
28 52 11
52 5 11
18 53 16
53 6 16
7 54 11
54 6 11
29 55 15
55 6 15
18 56 19
56 7 19
24 57 2
57 7 2
17 58 10
58 7 10
16 59 14
59 7 14
10 60 20
60 7 20
15 61 12
61 7 12
17 62 16
62 8 16
10 63 17
63 8 17
24 64 16
64 10 16
15 65 15
65 12 15
16 66 17
66 13 17
28 67 18
67 13 18
19 68 4
68 14 4
21 69 10
69 15 10
27 70 13
70 15 13
17 71 7
71 16 7
25 72 11
72 16 11
28 73 20
73 16 20
18 74 15
74 17 15
25 75 3
75 18 3
26 76 14
76 20 14
26 77 14
77 21 14
27 78 19
78 21 19
28 79 20
79 21 20
28 80 13
80 24 13
28 81 11
81 26 11
28 82 7
82 27 7
0 20 20 20 20 20 20 20 20 20 20 20 20 20 20 20 20 20 20 20 20 20 20 20 20 20 20 20 20 29 
0 0 44 44 44 44 44 44 44 44 44 44 44 44 44 44 44 44 44 44 44 44 44 44 44 44 44 44 44 64 
0 68 0 124 124 124 124 124 91 124 124 78 121 118 124 124 112 71 111 69 124 94 123 112 88 124 76 124 115 134 
0 49 49 0 49 49 49 49 49 49 49 49 49 49 49 49 49 49 49 49 49 49 49 49 49 49 49 49 49 49 
0 61 61 61 0 61 61 61 61 61 61 61 61 61 61 61 61 61 61 61 61 61 61 61 61 61 61 61 61 61 
0 68 106 109 109 0 109 109 91 109 109 78 109 109 109 109 109 71 109 69 109 94 109 109 88 109 76 109 109 109 
0 68 106 180 160 130 0 157 91 125 151 78 121 118 181 143 112 71 111 69 126 94 123 112 88 179 76 133 115 209 
0 68 106 166 160 130 140 0 91 125 151 78 121 118 166 143 112 71 111 69 126 94 123 112 88 166 76 133 115 166 
0 28 28 28 28 28 28 28 0 28 28 28 28 28 28 28 28 28 28 28 28 28 28 28 28 28 28 28 28 41 
0 68 106 129 129 129 129 129 91 0 129 78 121 118 129 129 112 71 111 69 126 94 123 112 88 129 76 129 115 129 
0 40 40 40 40 40 40 40 40 40 0 40 40 40 40 40 40 40 40 40 40 40 40 40 40 40 40 40 40 40 
0 68 106 180 160 130 140 157 91 125 151 0 121 118 181 143 112 71 111 69 126 94 123 112 88 179 76 133 115 203 
0 68 94 94 94 94 94 94 91 94 94 78 0 94 94 94 94 71 94 69 94 94 94 94 88 94 76 94 94 94 
0 68 70 70 70 70 70 70 70 70 70 70 70 0 70 70 70 70 70 69 70 70 70 70 70 70 70 70 70 71 
0 68 97 97 97 97 97 97 91 97 97 78 97 97 0 97 97 71 97 69 97 94 97 97 88 97 76 97 97 99 
0 68 106 178 160 130 140 157 91 125 151 78 121 118 178 0 112 71 111 69 126 94 123 112 88 178 76 133 115 187 
0 68 106 167 160 130 140 157 91 125 151 78 121 118 167 143 0 71 111 69 126 94 123 112 88 167 76 133 115 171 
0 68 106 180 160 130 140 157 91 125 151 78 121 118 181 143 112 0 111 69 126 94 123 112 88 179 76 133 115 209 
0 47 47 47 47 47 47 47 47 47 47 47 47 47 47 47 47 47 0 47 47 47 47 47 47 47 47 47 47 53 
0 68 106 137 137 130 137 137 91 125 137 78 121 118 137 137 112 71 111 0 126 94 123 112 88 137 76 133 115 143 
0 68 106 177 160 130 140 157 91 125 151 78 121 118 177 143 112 71 111 69 0 94 123 112 88 177 76 133 115 182 
0 20 20 20 20 20 20 20 20 20 20 20 20 20 20 20 20 20 20 20 20 0 20 20 20 20 20 20 20 31 
0 68 84 84 84 84 84 84 84 84 84 78 84 84 84 84 84 71 84 69 84 84 0 84 84 84 76 84 84 101 
0 68 106 167 160 130 140 157 91 125 151 78 121 118 167 143 112 71 111 69 126 94 123 0 88 167 76 133 115 187 
0 68 105 105 105 105 105 105 91 105 105 78 105 105 105 105 105 71 105 69 105 94 105 105 0 105 76 105 105 119 
0 68 106 109 109 109 109 109 91 109 109 78 109 109 109 109 109 71 109 69 109 94 109 109 88 0 76 109 109 113 
0 68 106 180 160 130 140 157 91 125 151 78 121 118 181 143 112 71 111 69 126 94 123 112 88 179 0 133 115 209 
0 68 106 180 160 130 140 157 91 125 151 78 121 118 181 143 112 71 111 69 126 94 123 112 88 179 76 0 115 203 
0 68 101 101 101 101 101 101 91 101 101 78 101 101 101 101 101 71 101 69 101 94 101 101 88 101 76 101 0 116 
0 0 0 0 0 0 0 0 0 0 0 0 0 0 0 0 0 0 0 0 0 0 0 0 0 0 0 0 0 0 
0