76 346 30 0
1 19 20
19 28 20
28 17 20
17 2 20
2 18 20
18 4 20
4 29 20
29 11 20
11 12 20
12 27 20
27 23 20
23 22 20
22 20 20
20 21 20
21 26 20
26 15 20
15 9 20
9 8 20
8 24 20
24 16 20
16 3 20
3 10 20
10 25 20
25 14 20
14 13 20
13 6 20
6 7 20
7 5 20
21 30 20
1 23 14
1 2 4
1 24 9
1 12 2
1 4 11
1 21 7
1 28 8
1 18 5
2 11 9
2 6 10
2 3 7
2 14 14
3 23 1
3 11 12
3 29 12
3 4 13
3 6 13
3 27 3
3 28 13
3 13 9
4 7 6
4 21 15
4 27 18
4 13 18
4 26 3
4 8 14
4 22 6
4 23 11
4 5 4
5 6 20
5 18 17
5 10 20
5 3 20
6 24 2
6 21 4
6 14 3
6 4 18
6 19 12
6 18 3
6 28 6
7 10 9
7 14 5
7 13 14
7 29 19
7 26 7
7 12 7
7 22 10
7 21 1
7 11 10
7 9 4
7 18 10
7 2 16
7 19 9
7 23 1
7 27 1
8 23 4
8 17 6
8 5 4
8 28 9
8 3 12
8 13 2
8 27 12
9 11 17
9 2 9
9 10 5
9 17 2
9 20 1
10 17 6
10 18 16
10 29 11
10 12 20
11 20 9
12 5 10
13 9 12
13 20 12
13 17 11
13 10 8
13 25 16
13 2 17
15 16 17
15 18 11
15 29 14
15 28 20
15 22 15
15 3 16
15 5 7
16 10 7
16 7 9
16 25 5
17 15 10
17 23 8
17 6 1
17 4 6
17 14 8
17 18 5
17 3 1
17 29 9
17 19 19
17 20 18
18 8 17
18 22 13
18 19 20
18 27 15
18 24 5
18 26 14
18 20 14
18 28 12
18 21 10
18 14 4
18 12 14
19 22 17
19 4 11
19 24 4
19 9 2
19 21 4
19 3 6
19 2 11
19 11 13
19 16 2
20 25 19
20 12 7
20 8 3
21 24 8
21 9 13
21 22 19
21 27 15
21 3 18
21 14 14
21 5 20
21 25 14
21 17 6
21 11 20
21 16 7
21 10 20
21 2 20
21 23 12
22 8 15
22 10 11
22 16 5
22 6 4
22 2 14
22 14 12
22 5 20
23 5 7
23 26 6
23 12 11
23 15 15
23 29 11
24 20 11
24 2 3
24 22 15
24 29 7
24 5 12
24 13 13
24 11 6
24 10 10
24 17 6
24 3 1
24 27 3
24 23 12
24 26 6
24 4 14
24 7 18
25 15 6
25 27 8
25 19 14
25 7 2
25 2 14
25 6 8
25 11 17
25 29 11
25 22 16
25 8 18
25 23 14
25 24 9
25 17 8
25 28 20
26 2 12
26 20 20
26 12 4
26 14 17
26 11 11
26 16 7
27 15 4
27 20 9
27 22 10
27 5 6
27 26 9
27 29 20
27 10 20
27 13 13
27 17 20
27 14 18
28 9 19
28 16 10
28 26 14
28 7 15
28 13 9
28 4 14
28 23 17
28 10 17
28 12 3
28 22 15
28 24 15
28 5 9
28 20 8
28 27 14
29 2 18
29 20 8
29 12 18
29 6 11
29 9 2
29 19 7
29 21 7
29 28 3
29 8 13
29 22 10
29 26 20
29 5 3
3 30 4
4 30 6
5 30 8
6 30 3
11 30 17
14 30 3
28 31 19
31 19 19
18 32 19
32 2 19
29 33 12
33 4 12
27 34 5
34 12 5
20 35 17
35 22 17
21 36 16
36 20 16
26 37 11
37 21 11
24 38 2
38 8 2
3 39 17
39 16 17
7 40 11
40 6 11
6 41 1
41 2 1
29 42 5
42 3 5
4 43 4
43 3 4
28 44 19
44 3 19
27 45 3
45 4 3
13 46 11
46 4 11
21 47 19
47 6 19
28 48 9
48 6 9
10 49 16
49 7 16
13 50 11
50 7 11
22 51 4
51 7 4
21 52 12
52 7 12
13 53 17
53 8 17
18 54 14
54 10 14
29 55 13
55 10 13
12 56 16
56 10 16
25 57 3
57 13 3
16 58 5
58 15 5
22 59 18
59 15 18
25 60 13
60 16 13
29 61 1
61 17 1
26 62 2
62 18 2
20 63 10
63 18 10
28 64 9
64 18 9
21 65 20
65 18 20
21 66 12
66 19 12
22 67 20
67 21 20
27 68 20
68 21 20
25 69 20
69 21 20
26 70 7
70 23 7
29 71 5
71 23 5
29 72 6
72 24 6
27 73 17
73 24 17
26 74 9
74 24 9
29 75 13
75 25 13
28 76 4
76 25 4
0 80 80 80 80 80 80 80 72 80 80 80 80 80 78 80 80 80 80 80 80 80 80 80 80 80 80 80 80 61 
0 0 60 60 60 60 60 60 60 60 60 60 60 60 60 60 60 60 60 60 60 60 60 60 60 60 60 60 60 60 
0 113 0 113 113 113 113 113 72 113 113 109 101 113 78 98 86 113 112 113 113 113 112 95 91 99 109 103 113 61 
0 119 119 0 119 119 113 119 72 119 119 109 101 115 78 98 86 119 112 119 119 119 112 95 91 99 109 103 119 61 
0 77 77 77 0 77 77 77 72 77 77 77 77 77 77 77 77 77 77 77 77 77 77 77 77 77 77 77 77 61 
0 69 69 69 69 0 69 69 69 69 69 69 69 69 69 69 69 69 69 69 69 69 69 69 69 69 69 69 69 61 
0 154 129 122 122 126 0 119 72 154 135 109 101 115 78 98 86 123 112 146 132 154 112 95 91 99 109 103 134 61 
0 69 69 69 69 69 69 0 69 69 69 69 69 69 69 69 69 69 69 69 69 69 69 69 69 69 69 69 69 61 
0 54 54 54 54 54 54 54 0 54 54 54 54 54 54 54 54 54 54 54 54 54 54 54 54 54 54 54 54 54 
0 89 89 89 89 89 89 89 72 0 89 89 89 89 78 89 86 89 89 89 89 89 89 89 89 89 89 89 89 61 
0 29 29 29 29 29 29 29 29 29 0 29 29 29 29 29 29 29 29 29 29 29 29 29 29 29 29 29 29 46 
0 46 46 46 46 46 46 46 46 46 46 0 46 46 46 46 46 46 46 46 46 46 46 46 46 46 46 46 46 46 
0 135 129 122 122 126 113 119 72 135 135 109 0 115 78 98 86 123 112 135 132 135 112 95 91 99 109 103 134 61 
0 20 20 20 20 20 20 20 20 20 20 20 20 0 20 20 20 20 20 20 20 20 20 20 20 20 20 20 20 23 
0 120 120 120 120 120 113 119 72 120 120 109 101 115 0 98 86 120 112 120 120 120 112 95 91 99 109 103 120 61 
0 46 46 46 46 46 46 46 46 46 46 46 46 46 46 0 46 46 46 46 46 46 46 46 46 46 46 46 46 46 
0 105 105 105 105 105 105 105 72 105 105 105 101 105 78 98 0 105 105 105 105 105 105 95 91 99 105 103 105 61 
0 174 129 122 122 126 113 119 72 190 135 109 101 115 78 98 86 0 112 146 132 183 112 95 91 99 109 103 134 61 
0 90 90 90 90 90 90 90 72 90 90 90 90 90 78 90 86 90 0 90 90 90 90 90 90 90 90 90 90 61 
0 76 76 76 76 76 76 76 72 76 76 76 76 76 76 76 76 76 76 0 76 76 76 76 76 76 76 76 76 61 
0 174 129 122 122 126 113 119 72 190 135 109 101 115 78 98 86 123 112 146 0 183 112 95 91 99 109 103 134 61 
0 143 129 122 122 126 113 119 72 143 135 109 101 115 78 98 86 123 112 143 132 0 112 95 91 99 109 103 134 61 
0 70 70 70 70 70 70 70 70 70 70 70 70 70 70 70 70 70 70 70 70 70 0 70 70 70 70 70 70 61 
0 159 129 122 122 126 113 119 72 159 135 109 101 115 78 98 86 123 112 146 132 159 112 0 91 99 109 103 134 61 
0 174 129 122 122 126 113 119 72 190 135 109 101 115 78 98 86 123 112 146 132 183 112 95 0 99 109 103 134 61 
0 120 120 120 120 120 113 119 72 120 120 109 101 115 78 98 86 120 112 120 120 120 112 95 91 0 109 103 120 61 
0 174 129 122 122 126 113 119 72 190 135 109 101 115 78 98 86 123 112 146 132 183 112 95 91 99 0 103 134 61 
0 174 129 122 122 126 113 119 72 190 135 109 101 115 78 98 86 123 112 146 132 183 112 95 91 99 109 0 134 61 
0 174 129 122 122 126 113 119 72 190 135 109 101 115 78 98 86 123 112 146 132 183 112 95 91 99 109 103 0 61 
0 0 0 0 0 0 0 0 0 0 0 0 0 0 0 0 0 0 0 0 0 0 0 0 0 0 0 0 0 0 
0