72 342 30 0
1 21 20
21 6 20
6 13 20
13 8 20
8 17 20
17 11 20
11 28 20
28 12 20
12 25 20
25 9 20
9 29 20
29 7 20
7 19 20
19 26 20
26 4 20
4 10 20
10 24 20
24 5 20
5 20 20
20 16 20
16 18 20
18 2 20
2 23 20
23 27 20
27 22 20
22 15 20
15 3 20
3 14 20
25 30 20
1 8 4
1 29 5
1 24 16
1 20 8
1 13 18
1 19 3
1 26 16
1 9 18
1 4 2
1 25 14
1 10 13
1 12 18
1 16 17
1 18 1
1 30 13
2 6 13
2 17 17
2 5 16
2 10 4
2 21 13
2 14 11
2 13 10
2 22 5
2 28 3
2 16 12
2 7 4
2 12 12
2 15 14
2 11 12
2 20 12
3 21 19
3 7 11
3 25 11
4 12 10
4 2 17
4 27 12
4 22 1
4 23 5
4 20 2
4 28 18
4 21 7
4 6 10
4 3 19
4 19 13
4 16 9
4 25 15
4 15 13
4 17 3
5 11 15
5 4 5
5 6 17
5 28 2
5 16 2
5 19 19
8 7 18
8 25 2
8 22 1
8 4 7
8 21 10
9 2 13
9 6 1
9 4 19
9 10 4
9 26 2
9 21 6
9 13 16
9 7 13
9 8 13
9 24 9
9 22 17
9 27 1
9 12 20
9 5 13
12 14 7
12 24 4
12 19 15
12 15 20
12 6 8
12 13 5
12 7 5
13 25 11
13 5 16
13 27 16
13 16 16
13 17 9
13 19 19
13 28 1
13 7 9
13 4 19
14 5 1
14 28 17
14 26 17
14 15 1
14 27 12
14 29 7
14 10 12
14 20 4
14 23 19
14 22 18
15 20 2
15 8 15
15 7 18
15 17 15
15 13 13
15 10 8
15 24 20
15 27 13
15 6 13
15 5 2
15 26 2
15 21 10
16 21 16
16 11 8
17 25 11
17 12 16
17 29 5
17 10 12
17 28 7
17 23 16
18 19 14
18 27 10
18 22 8
18 6 6
19 2 15
19 22 11
19 6 19
19 10 16
19 9 1
19 3 4
19 29 14
19 20 11
19 8 8
20 22 16
20 3 17
20 25 15
20 27 14
20 9 10
20 29 12
20 13 2
20 10 13
21 19 5
21 11 2
21 24 9
21 27 17
21 10 2
21 14 12
21 12 12
21 26 18
21 13 4
21 18 15
21 20 3
21 7 2
22 16 13
22 23 19
22 26 15
22 21 14
22 6 1
22 25 16
23 12 17
23 5 13
23 19 17
23 3 12
23 6 15
23 9 2
24 3 12
24 2 9
25 11 7
25 6 18
25 16 7
25 14 17
25 2 17
25 29 4
26 18 14
26 7 20
26 3 18
26 6 11
26 17 14
26 16 5
26 13 5
26 10 17
26 25 1
26 5 1
26 28 9
27 5 2
27 17 8
27 8 7
27 12 20
27 6 18
27 16 11
27 7 11
27 11 19
27 2 17
27 25 1
27 26 2
27 3 13
28 16 17
28 10 16
28 25 6
28 24 16
28 19 20
28 29 15
28 7 14
28 9 12
28 20 14
28 8 16
28 27 15
29 2 3
29 23 17
29 6 15
29 11 16
29 10 14
29 22 1
29 12 9
29 16 4
29 3 16
29 13 6
29 4 8
29 18 7
29 15 9
29 8 10
2 30 11
4 30 19
5 30 18
8 30 20
9 30 19
10 30 7
11 30 15
15 30 1
18 30 9
28 31 16
31 11 16
25 32 16
32 12 16
9 33 3
33 25 3
19 34 10
34 7 10
26 35 18
35 19 18
24 36 15
36 10 15
20 37 10
37 5 10
15 38 11
38 22 11
17 39 1
39 2 1
13 40 4
40 2 4
22 41 17
41 2 17
12 42 5
42 2 5
25 43 8
43 3 8
27 44 3
44 4 3
28 45 19
45 4 19
6 46 14
46 4 14
25 47 19
47 4 19
28 48 20
48 5 20
19 49 19
49 5 19
27 50 9
50 9 9
13 51 1
51 12 1
28 52 18
52 13 18
28 53 4
53 14 4
15 54 12
54 14 12
27 55 14
55 14 14
29 56 12
56 14 12
22 57 8
57 14 8
20 58 9
58 15 9
27 59 9
59 15 9
26 60 1
60 15 1
21 61 17
61 15 17
29 62 15
62 17 15
28 63 8
63 17 8
27 64 17
64 18 17
29 65 7
65 19 7
20 66 3
66 19 3
22 67 3
67 20 3
27 68 2
68 20 2
26 69 6
69 21 6
26 70 3
70 22 3
29 71 20
71 25 20
28 72 20
72 26 20
0 138 139 135 133 173 155 93 72 166 115 171 117 117 113 133 109 74 173 81 121 112 96 94 146 112 130 77 82 152 
0 0 139 133 133 178 155 89 54 153 115 153 99 117 113 116 109 73 170 73 101 112 96 78 132 96 130 77 77 139 
0 61 0 61 61 61 61 61 54 61 61 61 61 61 61 61 61 61 61 61 61 61 61 61 61 61 61 61 61 61 
0 138 139 0 133 174 155 89 54 153 115 153 99 117 113 116 109 73 170 73 101 112 96 78 132 96 130 77 77 139 
0 80 80 80 0 80 80 80 54 80 80 80 80 80 80 80 80 73 80 73 80 80 80 78 80 80 80 77 77 98 
0 34 34 34 34 0 34 34 34 34 34 34 34 34 34 34 34 34 34 34 34 34 34 34 34 34 34 34 34 34 
0 20 20 20 20 20 0 20 20 20 20 20 20 20 20 20 20 20 20 20 20 20 20 20 20 20 20 20 20 20 
0 58 58 58 58 58 58 0 54 58 58 58 58 58 58 58 58 58 58 58 58 58 58 58 58 58 58 58 58 78 
0 138 139 133 133 170 155 89 0 153 115 153 99 117 113 116 109 73 170 73 101 112 96 78 132 96 130 77 77 139 
0 20 20 20 20 20 20 20 20 0 20 20 20 20 20 20 20 20 20 20 20 20 20 20 20 20 20 20 20 27 
0 20 20 20 20 20 20 20 20 20 0 20 20 20 20 20 20 20 20 20 20 20 20 20 20 20 20 20 20 35 
0 89 89 89 89 89 89 89 54 89 89 0 89 89 89 89 89 73 89 73 89 89 89 78 89 89 89 77 77 89 
0 138 139 133 133 141 141 89 54 141 115 141 0 117 113 116 109 73 141 73 101 112 96 78 132 96 130 77 77 139 
0 108 108 108 108 108 108 89 54 108 108 108 99 0 108 108 108 73 108 73 101 108 96 78 108 96 108 77 77 108 
0 138 139 133 133 174 155 89 54 153 115 153 99 117 0 116 109 73 170 73 101 112 96 78 132 96 130 77 77 139 
0 44 44 44 44 44 44 44 44 44 44 44 44 44 44 0 44 44 44 44 44 44 44 44 44 44 44 44 44 44 
0 88 88 88 88 88 88 88 54 88 88 88 88 88 88 88 0 73 88 73 88 88 88 78 88 88 88 77 77 88 
0 58 58 58 58 58 58 58 54 58 58 58 58 58 58 58 58 0 58 58 58 58 58 58 58 58 58 58 58 67 
0 138 138 133 133 138 148 89 54 138 115 138 99 117 113 116 109 73 0 73 101 112 96 78 132 96 130 77 77 138 
0 138 139 133 133 141 141 89 54 141 115 141 99 117 113 116 109 73 141 0 101 112 96 78 132 96 130 77 77 139 
0 138 138 133 133 138 138 89 54 138 115 138 99 117 113 116 109 73 138 73 0 112 96 78 132 96 130 77 77 138 
0 126 126 126 126 126 126 89 54 126 115 126 99 117 113 116 109 73 126 73 101 0 96 78 126 96 126 77 77 126 
0 96 96 96 96 96 96 89 54 96 96 96 96 96 96 96 96 73 96 73 96 96 0 78 96 96 96 77 77 96 
0 41 41 41 41 41 41 41 41 56 41 41 41 41 41 41 41 41 41 41 41 41 41 0 41 41 41 41 41 48 
0 133 133 133 133 133 133 89 54 133 115 133 99 117 113 116 109 73 133 73 101 112 96 78 0 96 130 77 77 139 
0 138 139 133 133 163 155 89 54 153 115 153 99 117 113 116 109 73 163 73 101 112 96 78 132 0 130 77 77 139 
0 138 139 133 133 185 155 89 54 153 115 153 99 117 113 116 109 73 170 73 101 112 96 78 132 96 0 77 77 139 
0 138 139 133 133 185 155 89 54 153 115 153 99 117 113 116 109 73 170 73 101 112 96 78 132 96 130 0 77 139 
0 138 139 133 133 185 155 89 54 153 115 153 99 117 113 116 109 73 170 73 101 112 96 78 132 96 130 77 0 139 
0 0 0 0 0 0 0 0 0 0 0 0 0 0 0 0 0 0 0 0 0 0 0 0 0 0 0 0 0 0 
0