88 358 30 0
1 28 20
28 21 20
21 3 20
3 8 20
8 12 20
12 23 20
23 24 20
24 4 20
4 27 20
27 9 20
9 2 20
2 20 20
20 10 20
10 18 20
18 15 20
15 17 20
17 11 20
11 16 20
16 5 20
5 6 20
6 14 20
14 7 20
7 19 20
19 25 20
25 13 20
13 26 20
26 22 20
22 29 20
18 30 20
1 2 18
1 16 14
1 21 2
1 29 6
1 30 1
2 8 10
2 3 18
2 4 10
2 25 20
2 24 16
2 27 8
2 17 9
2 11 2
2 5 17
2 14 19
2 22 2
2 29 8
2 23 18
2 7 7
2 15 1
2 26 15
2 10 20
2 28 13
3 27 10
3 14 19
3 15 15
3 13 2
3 25 12
3 12 4
3 19 16
3 5 8
3 16 2
3 24 12
3 23 18
3 7 2
3 20 10
3 4 18
3 9 16
4 19 1
4 11 10
4 29 14
4 5 2
4 25 15
5 19 19
5 15 3
5 26 14
5 21 17
5 29 15
5 27 11
5 8 18
5 9 12
5 28 18
5 22 5
5 10 19
5 17 11
5 13 10
5 24 14
5 18 20
5 20 12
6 19 6
6 2 9
6 17 19
6 13 19
6 9 10
7 16 4
7 24 1
7 28 17
7 5 5
7 22 18
7 9 14
7 23 2
8 22 19
9 13 12
9 19 12
10 23 6
10 24 9
10 25 16
10 3 20
10 17 19
10 13 14
10 19 8
10 14 12
10 22 18
10 29 9
10 26 11
10 12 19
10 15 8
10 11 2
11 15 20
11 3 11
11 13 7
11 24 12
11 5 14
11 18 2
11 25 20
11 9 15
12 21 17
12 18 10
12 2 14
12 28 18
12 27 2
12 14 3
12 13 18
12 26 6
12 24 11
12 5 14
12 6 1
14 22 14
14 16 18
14 18 15
14 25 13
15 23 17
15 22 19
15 25 3
15 20 4
15 12 9
15 26 8
15 21 7
15 24 20
15 7 13
15 9 17
15 27 20
15 13 12
15 6 1
16 22 4
16 29 10
16 24 3
16 4 18
16 28 18
16 2 20
16 26 17
16 19 15
16 21 8
16 20 20
16 10 15
16 15 1
16 13 1
16 18 3
16 6 16
16 8 18
16 25 14
17 23 13
17 16 7
17 4 1
17 28 16
17 18 12
17 20 14
17 22 5
17 13 19
17 27 16
17 19 12
17 29 12
17 25 17
17 12 5
17 7 13
18 13 18
18 8 15
18 28 3
18 23 17
18 7 12
18 4 15
18 9 2
18 26 18
18 2 10
18 20 20
19 15 2
19 8 15
19 28 6
19 2 20
19 21 5
19 27 12
19 20 18
19 11 8
20 11 12
20 13 6
20 22 14
20 7 11
20 4 4
20 25 2
20 28 1
20 21 20
20 12 3
20 27 17
20 14 9
21 24 18
21 18 10
21 13 6
21 6 5
21 8 8
21 9 13
21 25 17
21 22 19
21 14 4
22 3 13
22 24 8
22 25 20
23 4 14
23 16 10
23 27 2
23 5 13
24 6 19
24 20 12
24 8 10
24 27 12
24 14 5
24 17 12
24 19 2
25 29 17
25 8 3
25 26 10
25 7 16
25 28 3
3 30 18
12 31 1
31 8 1
24 32 16
32 23 16
9 33 16
33 27 16
2 34 4
34 9 4
20 35 4
35 2 4
10 36 5
36 20 5
18 37 11
37 10 11
15 38 17
38 18 17
17 39 3
39 15 3
16 40 1
40 11 1
5 41 5
41 16 5
14 42 6
42 6 6
25 43 15
43 19 15
8 44 5
44 2 5
3 45 19
45 2 19
4 46 2
46 2 2
24 47 4
47 2 4
17 48 14
48 2 14
11 49 15
49 2 15
5 50 8
50 2 8
7 51 14
51 2 14
15 52 19
52 2 19
10 53 5
53 2 5
15 54 17
54 3 17
13 55 6
55 3 6
24 56 1
56 3 1
7 57 7
57 3 7
11 58 8
58 4 8
5 59 12
59 4 12
25 60 6
60 4 6
15 61 17
61 5 17
21 62 3
62 5 3
18 63 4
63 5 4
19 64 18
64 6 18
9 65 11
65 6 11
16 66 3
66 7 3
24 67 14
67 7 14
9 68 20
68 7 20
23 69 6
69 10 6
17 70 3
70 10 3
12 71 2
71 10 2
15 72 16
72 11 16
24 73 14
73 11 14
18 74 16
74 11 16
25 75 19
75 11 19
21 76 12
76 12 12
18 77 19
77 12 19
24 78 5
78 12 5
18 79 19
79 14 19
25 80 6
80 14 6
24 81 15
81 15 15
18 82 6
82 16 6
20 83 16
83 18 16
20 84 13
84 19 13
21 85 10
85 20 10
25 86 20
86 21 20
24 87 10
87 22 10
25 88 13
88 22 13
0 54 54 54 54 54 54 54 54 54 54 54 54 54 54 54 54 54 54 54 54 54 54 54 54 54 54 54 60 39 
0 0 113 126 117 97 131 118 123 96 120 96 164 116 88 72 90 125 139 145 114 180 127 144 189 119 146 113 105 38 
0 202 0 126 117 97 131 118 123 96 120 96 164 116 88 72 90 125 139 145 114 180 127 144 189 119 146 113 105 38 
0 50 50 0 50 50 50 50 50 50 50 50 50 50 50 50 50 50 50 50 50 50 50 50 50 50 50 50 64 38 
0 202 113 126 0 97 131 118 123 96 120 96 164 116 88 72 90 125 139 145 114 180 127 144 189 119 146 113 105 38 
0 83 83 83 83 0 83 83 83 83 83 83 83 83 83 72 83 83 83 83 83 83 83 83 83 83 83 83 83 38 
0 102 102 102 102 97 0 102 102 96 102 96 102 102 88 72 90 102 102 102 102 102 102 102 102 102 102 102 102 38 
0 44 44 44 44 44 44 0 44 44 44 44 44 44 44 44 44 44 44 44 44 44 44 44 44 44 44 44 44 38 
0 75 75 75 75 75 75 75 0 75 75 75 75 75 75 72 75 75 75 75 75 75 75 75 75 75 91 75 75 38 
0 192 113 126 117 97 131 118 123 0 120 96 164 116 88 72 90 125 139 145 114 180 127 144 189 119 146 113 105 38 
0 144 113 126 117 97 131 118 123 96 0 96 144 116 88 72 90 125 139 144 114 144 127 144 144 119 144 113 105 38 
0 137 113 126 117 97 131 118 123 96 120 0 137 116 88 72 90 125 137 137 114 137 127 137 137 119 137 113 105 38 
0 26 26 26 26 26 26 26 26 26 26 26 0 26 26 26 26 26 26 26 26 26 26 26 26 26 26 26 26 26 
0 86 86 86 86 86 86 86 86 86 86 86 86 0 86 72 86 86 86 86 86 86 86 86 86 86 86 86 86 38 
0 202 113 126 117 97 131 118 123 96 120 96 164 116 0 72 90 125 139 145 114 180 127 144 189 119 146 113 105 38 
0 202 113 126 117 97 131 118 123 96 120 96 164 116 88 0 90 125 139 145 114 180 127 144 189 119 146 113 105 38 
0 190 113 126 117 97 131 118 123 96 120 96 164 116 88 72 0 125 139 145 114 180 127 144 189 119 146 113 105 38 
0 202 113 126 117 97 131 118 123 96 120 96 164 116 88 72 90 0 139 145 114 180 127 144 189 119 146 113 105 38 
0 124 113 124 117 97 124 118 123 96 120 96 124 116 88 72 90 124 0 124 114 124 124 124 124 119 124 113 105 38 
0 152 113 126 117 97 131 118 123 96 120 96 152 116 88 72 90 125 139 0 114 152 127 144 152 119 146 113 105 38 
0 145 113 126 117 97 131 118 123 96 120 96 145 116 88 72 90 125 139 145 0 145 127 144 145 119 145 113 105 38 
0 41 41 41 41 41 41 41 41 41 41 41 41 41 41 41 41 41 41 41 41 0 41 41 41 41 41 41 61 38 
0 65 65 65 65 65 65 65 65 65 65 65 65 65 65 65 65 65 65 65 65 65 0 65 65 65 65 65 65 38 
0 171 113 126 117 97 131 118 123 96 120 96 164 116 88 72 90 125 139 145 114 171 127 0 171 119 146 113 105 38 
0 115 113 115 115 97 115 115 115 96 115 96 129 115 88 72 90 115 115 115 114 127 115 115 0 119 115 113 105 38 
0 20 20 20 20 20 20 20 20 20 20 20 20 20 20 20 20 20 20 20 20 20 20 20 20 0 20 20 20 20 
0 20 20 20 20 20 20 20 20 20 20 20 20 20 20 20 20 20 20 20 20 20 20 20 20 20 0 20 20 20 
0 20 20 20 20 20 20 20 20 20 20 20 20 20 20 20 20 20 20 20 20 20 20 20 20 20 20 0 20 20 
0 0 0 0 0 0 0 0 0 0 0 0 0 0 0 0 0 0 0 0 0 0 0 0 0 0 0 0 0 0 
0 0 0 0 0 0 0 0 0 0 0 0 0 0 0 0 0 0 0 0 0 0 0 0 0 0 0 0 0 0 
0