88 358 30 0
1 10 20
10 15 20
15 3 20
3 24 20
24 29 20
29 22 20
22 23 20
23 20 20
20 12 20
12 7 20
7 11 20
11 6 20
6 14 20
14 4 20
4 18 20
18 25 20
25 27 20
27 8 20
8 26 20
26 17 20
17 13 20
13 19 20
19 5 20
5 28 20
28 9 20
9 2 20
2 21 20
21 16 20
17 30 20
1 29 20
1 25 14
1 12 9
1 17 6
1 21 15
1 22 8
1 3 18
1 6 5
1 30 3
2 27 8
2 8 15
2 26 20
3 21 18
3 17 5
3 4 1
3 12 9
3 28 2
3 11 4
3 22 15
3 18 16
3 10 15
3 7 2
4 23 19
4 28 1
4 2 3
4 26 19
4 22 12
4 7 12
4 20 19
4 13 8
4 10 18
4 24 1
4 27 12
4 17 17
4 8 16
4 11 12
4 19 10
4 21 1
5 8 12
5 3 17
5 25 16
5 21 11
5 17 10
5 27 15
5 6 17
5 13 15
5 16 1
5 23 16
5 22 6
5 15 19
5 4 1
5 20 1
6 13 16
6 23 17
6 17 8
7 14 14
7 10 10
7 22 14
7 21 16
7 13 16
7 28 20
7 27 8
7 2 3
7 25 15
7 26 17
7 6 13
7 15 17
7 23 17
7 20 5
7 17 6
7 8 19
8 29 2
9 24 3
9 12 3
9 18 12
9 17 18
10 2 9
10 23 17
10 24 15
10 28 12
10 22 10
10 27 9
10 19 19
10 8 17
10 29 2
10 17 14
11 12 18
11 18 20
11 25 3
12 29 2
12 18 4
12 25 12
12 27 5
12 2 14
12 13 20
12 8 20
12 24 1
12 15 14
12 17 13
12 16 19
12 10 9
13 21 19
13 20 9
13 8 8
13 24 4
13 15 19
13 18 15
13 26 12
13 9 17
13 27 18
13 11 9
14 9 16
14 17 3
14 29 17
14 24 12
14 10 3
14 12 1
14 3 12
14 28 12
14 8 6
14 15 8
15 16 6
15 19 11
15 4 9
15 26 7
15 21 17
15 29 13
15 20 7
15 28 20
15 17 20
16 4 11
16 17 17
16 29 9
16 24 13
17 29 18
17 24 3
17 20 20
17 19 1
17 18 20
17 21 11
17 27 2
17 23 2
17 8 18
17 22 14
17 25 15
18 10 5
18 28 9
18 8 20
18 22 14
18 26 13
18 29 17
18 27 9
18 6 18
18 23 13
18 16 13
18 20 19
18 2 4
18 24 7
19 24 17
19 7 11
19 29 15
19 2 12
19 18 17
19 20 1
19 14 20
19 6 18
19 11 4
19 3 5
19 21 4
20 16 15
20 6 19
20 22 6
20 29 13
20 8 6
21 8 1
21 27 2
21 25 18
21 11 5
22 12 7
23 16 15
24 27 5
24 25 5
24 6 11
24 11 2
24 22 3
24 26 13
24 8 4
24 20 19
25 29 9
25 14 14
25 22 19
26 6 20
27 29 15
27 23 14
27 16 8
27 9 9
27 19 13
27 20 5
27 28 11
27 15 4
27 22 19
28 6 9
28 11 10
28 8 13
28 12 2
28 26 15
28 29 12
28 19 1
28 2 8
29 23 7
29 9 7
29 7 8
29 13 4
3 31 2
31 15 2
23 32 15
32 22 15
20 33 1
33 23 1
7 34 11
34 12 11
11 35 20
35 7 20
25 36 17
36 18 17
17 37 12
37 26 12
13 38 10
38 17 10
19 39 20
39 13 20
5 40 15
40 19 15
27 41 20
41 2 20
17 42 8
42 3 8
4 43 10
43 3 10
18 44 6
44 3 6
7 45 16
45 3 16
28 46 2
46 4 2
7 47 8
47 4 8
13 48 18
48 4 18
10 49 11
49 4 11
24 50 11
50 4 11
27 51 14
51 4 14
19 52 4
52 4 4
27 53 15
53 5 15
13 54 4
54 5 4
13 55 7
55 6 7
10 56 11
56 7 11
25 57 6
57 7 6
15 58 10
58 7 10
17 59 9
59 7 9
24 60 15
60 9 15
18 61 8
61 9 8
17 62 3
62 9 3
28 63 6
63 10 6
12 64 19
64 11 19
18 65 4
65 11 4
18 66 13
66 12 13
27 67 19
67 12 19
15 68 12
68 12 12
17 69 8
69 12 8
21 70 12
70 13 12
24 71 6
71 13 6
27 72 6
72 13 6
24 73 17
73 14 17
19 74 16
74 15 16
21 75 3
75 15 3
28 76 13
76 15 13
17 77 11
77 15 11
24 78 18
78 16 18
29 79 19
79 17 19
24 80 12
80 17 12
18 81 18
81 17 18
27 82 1
82 17 1
28 83 19
83 18 19
27 84 17
84 18 17
24 85 9
85 19 9
21 86 11
86 19 11
25 87 4
87 24 4
28 88 9
88 27 9
0 93 112 110 39 115 109 115 95 86 89 115 115 85 115 115 115 115 110 115 115 115 115 100 115 115 115 107 115 23 
0 0 63 63 39 63 63 63 63 63 63 63 63 63 63 63 63 63 63 63 63 63 63 63 63 63 63 63 63 20 
0 93 0 109 39 109 109 109 95 66 89 109 109 85 109 109 109 109 109 109 109 109 109 100 104 109 109 107 109 20 
0 93 94 0 39 152 109 195 95 66 89 123 143 85 146 115 210 177 110 125 117 167 143 100 104 148 122 107 164 20 
0 93 94 110 0 152 109 192 95 66 89 123 143 85 146 115 192 177 110 125 117 167 143 100 104 148 122 107 164 20 
0 61 61 61 39 0 61 61 61 61 61 61 61 61 61 61 61 61 61 61 61 61 61 61 61 61 61 61 61 20 
0 93 94 110 39 152 0 195 95 66 89 123 143 85 146 115 211 177 110 125 117 167 143 100 104 148 122 107 164 20 
0 22 22 22 22 22 22 0 22 22 22 22 22 22 22 22 22 22 22 22 22 22 22 22 22 22 22 22 22 20 
0 56 56 56 39 56 56 56 0 56 56 56 56 56 56 56 56 56 56 56 56 56 56 56 56 56 56 56 56 20 
0 93 94 110 39 152 109 166 95 0 89 123 143 85 146 115 166 166 110 125 117 166 143 100 104 148 122 107 164 20 
0 81 81 81 39 81 81 81 81 66 0 81 81 81 81 81 81 81 81 81 81 81 81 81 81 81 81 81 81 20 
0 93 94 110 39 152 109 172 95 66 89 0 143 85 146 115 172 172 110 125 117 167 143 100 104 148 122 107 164 20 
0 93 94 110 39 152 109 189 95 66 89 123 0 85 146 115 189 177 110 125 117 167 143 100 104 148 122 107 164 20 
0 93 94 110 39 110 109 110 95 66 89 110 110 0 110 110 110 110 110 110 110 110 110 100 104 110 110 107 110 20 
0 93 94 110 39 152 109 152 95 66 89 123 143 85 0 115 152 152 110 125 117 152 143 100 104 148 122 107 152 20 
0 50 50 50 39 50 50 50 50 50 50 50 50 50 50 0 50 50 50 50 50 50 50 50 50 50 50 50 50 20 
0 93 94 110 39 152 109 195 95 66 89 123 143 85 146 115 0 177 110 125 117 167 143 100 104 148 122 107 164 20 
0 93 94 110 39 152 109 195 95 66 89 123 143 85 146 115 211 0 110 125 117 167 143 100 104 148 122 107 164 20 
0 93 94 110 39 152 109 184 95 66 89 123 143 85 146 115 184 177 0 125 117 167 143 100 104 148 122 107 164 20 
0 80 80 80 39 80 80 80 80 66 80 80 80 80 80 80 80 80 80 0 80 80 80 80 80 80 80 80 80 20 
0 72 72 72 39 72 72 72 72 66 72 72 72 72 72 72 72 72 72 72 0 72 72 72 72 72 72 72 72 20 
0 27 27 27 27 27 27 27 27 27 27 27 27 27 27 27 27 27 27 27 27 0 27 27 27 27 27 27 27 20 
0 42 42 42 39 42 42 42 42 42 42 42 42 42 42 42 42 42 42 42 42 50 0 42 42 42 42 42 42 20 
0 93 94 110 39 152 109 170 95 66 89 123 143 85 146 115 170 170 110 125 117 167 143 0 104 148 122 107 164 20 
0 89 89 89 39 89 89 89 89 66 89 89 89 85 89 89 89 89 89 89 89 89 89 89 0 89 89 89 89 20 
0 40 40 40 39 40 40 40 40 40 40 40 40 40 40 40 40 40 40 40 40 40 40 40 40 0 40 40 40 20 
0 93 94 110 39 152 109 195 95 66 89 123 143 85 146 115 210 177 110 125 117 167 143 100 104 148 0 107 164 20 
0 93 94 110 39 139 109 139 95 66 89 123 139 85 139 115 139 139 110 125 117 139 139 100 104 139 122 0 139 20 
0 65 65 65 39 65 65 65 65 65 65 65 65 65 65 65 65 65 65 65 65 65 65 65 65 65 65 65 0 20 
0 0 0 0 0 0 0 0 0 0 0 0 0 0 0 0 0 0 0 0 0 0 0 0 0 0 0 0 0 0 
0