82 352 30 0
1 4 20
4 19 20
19 11 20
11 24 20
24 12 20
12 23 20
23 22 20
22 3 20
3 20 20
20 29 20
29 2 20
2 14 20
14 27 20
27 16 20
16 8 20
8 21 20
21 13 20
13 28 20
28 17 20
17 9 20
9 15 20
15 5 20
5 25 20
25 26 20
26 18 20
18 7 20
7 6 20
6 10 20
3 30 20
1 6 4
1 19 19
1 17 8
1 12 4
1 15 18
1 20 9
1 14 4
1 22 12
1 18 14
1 21 11
1 25 11
1 27 6
1 28 8
1 8 2
1 11 8
1 7 2
1 9 8
2 16 4
2 11 7
2 19 11
2 5 11
2 15 4
2 7 1
2 23 14
2 9 1
2 12 10
2 8 15
2 18 2
2 26 7
2 17 3
3 21 7
3 4 16
3 6 17
3 15 10
3 8 3
3 17 4
3 14 2
3 16 17
3 7 15
4 7 16
4 24 10
4 25 18
4 27 18
4 13 14
4 22 18
4 21 2
4 2 15
4 26 16
4 5 7
4 20 7
4 14 11
4 11 14
4 16 15
4 17 9
4 10 11
5 21 16
5 10 19
5 19 7
5 29 11
5 9 14
5 23 1
5 20 3
5 16 2
5 18 16
6 17 11
6 12 12
6 20 14
7 14 19
7 5 5
7 25 6
7 19 1
8 6 11
8 5 16
9 26 5
9 6 3
10 17 10
10 26 4
10 28 17
10 20 13
10 7 20
10 16 17
10 18 14
10 29 12
10 23 10
10 2 15
10 25 9
10 24 9
10 11 2
11 6 11
11 22 6
11 26 12
11 23 3
11 9 15
12 19 13
12 8 19
12 11 7
12 25 19
12 28 11
12 20 2
12 27 16
12 26 10
12 10 13
12 15 17
12 18 5
13 15 7
13 3 19
13 2 20
13 7 3
13 6 13
13 11 20
13 12 15
13 20 7
13 25 4
13 24 4
13 9 20
13 19 10
13 14 19
13 16 20
14 11 13
14 20 12
14 22 7
14 21 9
14 17 20
14 12 9
14 18 9
14 25 6
14 6 20
14 29 17
14 9 7
14 28 2
14 23 2
15 27 18
15 29 13
15 6 9
15 18 4
15 21 7
16 7 13
16 18 20
16 23 20
16 15 7
16 28 19
16 24 9
16 17 2
16 21 15
16 29 4
16 25 13
16 9 12
17 25 20
17 13 2
17 23 5
17 24 2
17 22 17
17 26 7
17 21 2
17 18 16
17 19 4
17 27 19
17 5 13
17 20 20
17 8 9
18 29 10
18 23 15
18 8 18
18 11 13
18 9 4
18 22 5
18 13 13
18 25 5
18 21 19
18 20 10
18 6 15
19 16 9
19 15 7
19 29 14
19 27 16
19 10 5
19 8 14
19 25 9
19 24 17
19 18 11
19 20 18
19 21 1
19 14 1
19 28 5
20 25 6
20 26 15
20 2 1
20 16 4
20 23 12
20 7 16
20 11 13
21 2 4
21 26 4
21 9 13
21 22 9
21 29 16
21 23 16
21 28 10
22 19 9
22 13 8
22 26 5
22 7 16
5 30 14
6 30 10
10 30 14
12 30 10
13 30 13
15 30 16
16 30 20
17 30 15
18 30 3
22 30 3
23 30 20
24 30 2
25 30 12
26 30 11
27 30 6
28 30 20
29 30 9
12 31 8
31 24 8
3 32 6
32 22 6
16 33 3
33 27 3
13 34 7
34 21 7
17 35 12
35 28 12
15 36 7
36 9 7
7 37 1
37 18 1
10 38 15
38 6 15
16 39 16
39 2 16
12 40 9
40 2 9
8 41 20
41 2 20
17 42 15
42 2 15
21 43 20
43 3 20
4 44 20
44 3 20
6 45 5
45 3 5
16 46 10
46 3 10
13 47 7
47 4 7
22 48 18
48 4 18
21 49 20
49 4 20
5 50 8
50 4 8
14 51 9
51 4 9
17 52 11
52 4 11
9 53 6
53 5 6
18 54 10
54 5 10
20 55 16
55 6 16
19 56 8
56 7 8
20 57 15
57 10 15
18 58 11
58 10 11
11 59 9
59 10 9
19 60 19
60 12 19
20 61 9
61 12 9
15 62 7
62 13 7
20 63 19
63 13 19
19 64 1
64 13 1
16 65 9
65 13 9
20 66 11
66 14 11
21 67 6
67 14 6
17 68 5
68 14 5
18 69 8
69 15 8
21 70 19
70 15 19
18 71 15
71 16 15
21 72 7
72 16 7
22 73 10
73 17 10
21 74 4
74 17 4
18 75 10
75 17 10
19 76 8
76 17 8
23 77 19
77 18 19
22 78 6
78 18 6
21 79 20
79 18 20
20 80 7
80 18 7
20 81 5
81 19 5
23 82 15
82 21 15
0 135 94 109 88 154 130 100 121 103 117 98 93 98 117 130 119 168 99 135 131 100 118 79 146 105 116 104 117 168 
0 0 94 89 88 110 110 98 110 103 109 94 93 94 99 110 110 110 80 110 110 88 110 79 110 105 110 96 110 110 
0 117 0 89 88 117 117 98 113 103 109 94 93 94 99 117 111 117 80 117 117 88 117 79 117 105 110 96 117 137 
0 135 94 0 88 150 128 98 113 103 109 94 93 94 99 130 111 170 80 126 120 88 118 79 135 105 110 96 117 218 
0 117 94 89 0 117 117 98 113 103 109 94 93 94 99 117 111 117 80 117 117 88 117 79 117 105 110 96 117 131 
0 62 62 62 62 0 62 62 62 62 62 62 62 62 62 62 62 62 62 62 62 62 62 62 62 62 62 62 62 72 
0 52 52 52 52 52 0 52 52 52 52 52 52 52 52 52 52 52 52 52 52 52 52 52 52 52 52 52 52 52 
0 67 67 67 67 67 67 0 67 67 67 67 67 67 67 67 67 67 67 67 67 67 67 67 67 67 67 67 67 67 
0 34 34 34 34 34 34 34 0 34 34 34 34 34 34 34 34 34 34 34 34 34 34 34 34 34 34 34 34 34 
0 135 94 89 88 150 128 98 113 0 109 94 93 94 99 130 111 167 80 126 120 88 118 79 135 105 110 96 117 181 
0 76 76 76 76 76 76 76 76 76 0 76 76 76 76 76 76 76 76 76 76 76 76 76 76 76 76 76 76 76 
0 135 94 89 88 150 128 98 113 103 109 0 93 94 99 130 111 152 80 126 120 88 118 79 135 105 110 96 117 173 
0 135 94 89 88 150 128 98 113 103 109 94 0 94 99 130 111 170 80 126 120 88 118 79 135 105 110 96 117 218 
0 135 94 89 88 150 128 98 113 103 109 94 93 0 99 130 111 162 80 126 120 88 118 79 135 105 110 96 117 162 
0 85 85 85 85 85 85 85 85 85 85 85 85 85 0 85 85 85 80 85 85 85 85 79 85 85 85 85 85 101 
0 135 94 89 88 150 128 98 113 103 109 94 93 94 99 0 111 170 80 126 120 88 118 79 135 105 110 96 117 212 
0 135 94 89 88 150 128 98 113 103 109 94 93 94 99 130 0 170 80 126 120 88 118 79 135 105 110 96 117 214 
0 135 94 89 88 150 128 98 113 103 109 94 93 94 99 130 111 0 80 126 120 88 118 79 135 105 110 96 117 204 
0 135 94 89 88 150 128 98 113 103 109 94 93 94 99 130 111 170 0 126 120 88 118 79 135 105 110 96 117 183 
0 135 94 89 88 150 128 98 113 103 109 94 93 94 99 130 111 168 80 0 120 88 118 79 135 105 110 96 117 169 
0 135 94 89 88 150 128 98 113 103 109 94 93 94 99 130 111 170 80 126 0 88 118 79 135 105 110 96 117 188 
0 92 92 89 88 92 92 92 92 92 92 92 92 92 92 92 92 92 80 92 92 0 92 79 92 92 92 92 92 95 
0 54 54 54 54 54 54 54 54 54 54 54 54 54 54 54 54 54 54 54 54 54 0 54 54 54 54 54 54 74 
0 20 20 20 20 20 20 20 20 20 20 20 20 20 20 20 20 20 20 20 20 20 20 0 20 20 20 20 20 22 
0 20 20 20 20 20 20 20 20 20 20 20 20 20 20 20 20 20 20 20 20 20 20 20 0 20 20 20 20 32 
0 20 20 20 20 20 20 20 20 20 20 20 20 20 20 20 20 20 20 20 20 20 20 20 20 0 20 20 20 31 
0 20 20 20 20 20 20 20 20 20 20 20 20 20 20 20 20 20 20 20 20 20 20 20 20 20 0 20 20 26 
0 20 20 20 20 20 20 20 20 20 20 20 20 20 20 20 20 20 20 20 20 20 20 20 20 20 20 0 20 40 
0 20 20 20 20 20 20 20 20 20 20 20 20 20 20 20 20 20 20 20 20 20 20 20 20 20 20 20 0 29 
0 0 0 0 0 0 0 0 0 0 0 0 0 0 0 0 0 0 0 0 0 0 0 0 0 0 0 0 0 0 
0