93 363 30 0
1 18 20
18 8 20
8 27 20
27 4 20
4 23 20
23 24 20
24 15 20
15 9 20
9 17 20
17 16 20
16 28 20
28 6 20
6 10 20
10 20 20
20 13 20
13 12 20
12 22 20
22 19 20
19 5 20
5 11 20
11 14 20
14 21 20
21 7 20
7 26 20
26 25 20
25 2 20
2 3 20
3 29 20
4 30 20
1 26 17
1 25 13
1 7 10
1 10 11
1 23 4
1 17 15
1 11 6
1 30 20
2 11 15
2 23 18
3 6 9
3 26 9
3 13 9
3 10 17
4 26 9
5 3 16
5 25 10
5 21 9
5 22 7
5 7 15
5 14 4
6 25 8
6 19 18
6 20 16
6 9 2
6 12 19
6 21 17
6 17 8
6 2 5
6 7 1
7 8 8
7 3 16
7 16 12
7 24 8
7 25 15
7 19 8
7 27 7
7 13 1
8 6 1
8 22 15
8 10 14
8 23 17
8 12 11
8 20 2
9 27 8
9 29 18
9 12 16
9 22 2
9 20 7
9 19 10
9 28 10
10 19 6
10 17 12
10 2 6
10 13 9
10 12 19
10 29 14
11 10 5
11 25 3
11 17 1
11 26 16
11 24 6
11 15 18
11 13 19
11 18 17
11 16 1
11 28 17
11 19 6
11 22 4
11 6 3
11 12 7
12 4 8
12 29 5
12 3 12
12 17 6
12 25 2
12 23 6
12 21 15
12 14 9
13 24 10
13 18 5
13 19 17
13 23 16
13 5 16
13 22 7
13 17 5
13 28 6
13 8 14
14 22 4
14 24 6
14 13 15
14 9 14
14 17 14
14 10 8
14 7 1
14 8 15
14 26 2
14 29 17
14 15 19
14 23 15
14 27 20
15 3 6
15 29 7
15 10 8
16 26 1
16 25 8
16 6 9
16 13 13
16 19 16
16 27 7
16 12 11
16 15 9
16 22 16
16 21 14
16 5 1
16 10 14
16 18 7
18 3 2
18 17 6
18 29 10
18 20 17
18 23 16
19 26 7
19 28 17
19 17 6
19 24 13
19 3 11
19 4 1
19 25 18
19 12 12
19 2 17
19 14 4
19 29 16
20 28 5
20 12 6
20 21 13
20 7 18
20 16 18
20 5 17
21 10 20
21 8 5
21 19 14
21 26 8
21 3 16
21 18 9
21 25 5
22 3 12
22 27 11
22 20 17
22 29 1
22 10 5
22 21 11
22 26 16
22 15 18
22 23 4
22 24 4
22 17 18
23 11 19
23 21 14
23 15 10
23 25 19
23 5 20
23 10 2
23 27 3
23 28 5
23 7 20
24 28 2
24 16 5
24 21 5
25 10 10
25 28 1
25 29 13
25 4 2
25 3 1
25 22 12
25 17 17
25 13 6
25 9 12
26 2 17
26 27 14
26 20 7
26 13 20
26 29 4
26 6 13
26 12 8
26 15 2
26 17 2
26 28 18
26 5 18
26 8 6
27 3 4
28 22 19
28 3 3
29 17 16
29 20 17
29 4 13
29 16 16
29 2 4
29 7 19
29 24 2
29 27 6
2 30 2
3 30 4
5 30 17
7 30 16
8 30 10
14 30 7
15 30 4
8 31 1
31 18 1
23 32 8
32 4 8
9 33 4
33 15 4
16 34 4
34 17 4
6 35 4
35 28 4
12 36 8
36 13 8
11 37 18
37 5 18
14 38 12
38 11 12
21 39 8
39 14 8
7 40 17
40 21 17
26 41 11
41 7 11
2 42 19
42 25 19
3 43 2
43 2 2
29 44 16
44 3 16
6 45 5
45 3 5
26 46 14
46 4 14
25 47 15
47 5 15
21 48 6
48 5 6
22 49 4
49 5 4
7 50 4
50 5 4
25 51 4
51 6 4
19 52 16
52 6 16
9 53 11
53 6 11
21 54 12
54 6 12
7 55 16
55 6 16
16 56 18
56 7 18
19 57 12
57 7 12
13 58 14
58 7 14
22 59 11
59 8 11
10 60 18
60 8 18
12 61 11
61 8 11
12 62 19
62 9 19
20 63 6
63 9 6
19 64 17
64 9 17
28 65 19
65 9 19
12 66 3
66 10 3
29 67 15
67 10 15
25 68 18
68 11 18
26 69 2
69 11 2
18 70 9
70 11 9
19 71 2
71 11 2
22 72 19
72 11 19
29 73 19
73 12 19
23 74 20
74 12 20
14 75 2
75 12 2
23 76 16
76 13 16
17 77 18
77 13 18
26 78 17
78 14 17
29 79 6
79 14 6
23 80 18
80 14 18
26 81 10
81 16 10
19 82 10
82 16 10
22 83 17
83 16 17
29 84 7
84 18 7
20 85 3
85 18 3
23 86 4
86 18 4
25 87 11
87 19 11
21 88 16
88 20 16
26 89 5
89 21 5
26 90 6
90 22 6
27 91 19
91 23 19
29 92 10
92 26 10
28 93 14
93 26 14
0 71 96 66 96 96 96 96 96 96 96 96 96 86 96 96 96 73 96 96 96 96 96 69 96 96 96 96 96 100 
0 0 72 66 72 72 72 72 72 72 72 72 72 72 72 72 72 53 72 72 72 72 72 69 72 72 72 72 72 74 
0 66 0 66 66 66 66 66 66 66 66 66 66 66 66 66 66 53 66 66 66 66 66 66 66 66 66 66 66 70 
0 29 29 0 29 29 29 29 29 29 29 29 29 29 29 29 29 29 29 29 29 29 29 29 29 29 29 29 29 49 
0 71 81 66 0 81 81 81 81 81 81 81 81 81 81 81 81 53 81 81 81 81 81 69 81 81 81 81 81 80 
0 71 123 66 123 0 123 108 109 123 116 123 123 86 100 109 123 53 123 119 123 112 123 69 123 112 96 105 123 80 
0 71 132 66 132 114 0 108 109 132 116 132 132 86 100 109 132 53 126 119 132 112 131 69 127 112 96 105 125 80 
0 71 81 66 81 81 81 0 81 81 81 81 81 81 81 81 81 53 81 81 81 81 81 69 81 81 81 81 81 80 
0 71 106 66 106 106 106 106 0 106 106 106 106 86 100 106 106 53 106 106 106 106 106 69 106 106 96 105 106 80 
0 71 104 66 104 104 104 104 104 0 104 104 104 86 100 104 104 53 104 104 104 104 104 69 104 104 96 104 104 80 
0 71 140 66 139 114 149 108 109 141 0 161 154 86 100 109 135 53 126 119 140 112 131 69 127 112 96 105 125 80 
0 71 124 66 124 114 124 108 109 124 116 0 124 86 100 109 124 53 124 119 124 112 124 69 124 112 96 105 124 80 
0 71 130 66 130 114 130 108 109 130 116 130 0 86 100 109 130 53 126 119 130 112 130 69 127 112 96 105 125 80 
0 71 140 66 139 114 149 108 109 141 116 170 154 0 100 109 135 53 126 119 140 112 131 69 127 112 96 105 125 80 
0 41 41 41 41 41 41 41 41 41 41 41 41 41 0 41 41 41 41 41 41 41 41 41 41 41 41 41 41 45 
0 71 140 66 139 114 149 108 109 141 116 168 154 86 100 0 135 53 126 119 140 112 131 69 127 112 96 105 125 80 
0 38 38 38 38 38 38 38 38 38 38 38 38 38 38 38 0 38 38 38 38 38 38 38 38 38 38 38 38 38 
0 71 80 66 80 80 80 80 80 80 80 80 80 80 80 80 80 0 80 80 80 80 80 69 80 80 80 80 80 80 
0 71 140 66 139 114 149 108 109 141 116 170 154 86 100 109 135 53 0 119 140 112 131 69 127 112 96 105 125 80 
0 71 106 66 106 106 106 106 106 106 106 106 106 86 100 106 106 53 106 0 106 106 106 69 106 106 96 105 106 80 
0 71 139 66 139 114 139 108 109 139 116 139 139 86 100 109 135 53 126 119 0 112 131 69 127 112 96 105 125 80 
0 71 140 66 139 114 149 108 109 141 116 170 154 86 100 109 135 53 126 119 140 0 131 69 127 112 96 105 125 80 
0 71 140 66 139 114 149 108 109 141 116 170 154 86 100 109 135 53 126 119 140 112 0 69 127 112 96 105 125 80 
0 32 32 32 32 32 32 32 32 32 32 32 32 32 32 32 32 32 32 32 32 32 32 0 32 32 32 32 32 32 
0 71 140 66 139 114 142 108 109 141 116 142 142 86 100 109 135 53 126 119 140 112 131 69 0 112 96 105 125 80 
0 71 140 66 139 114 149 108 109 141 116 170 154 86 100 109 135 53 126 119 140 112 131 69 127 0 96 105 125 80 
0 43 43 43 43 43 43 43 43 43 43 43 43 43 43 43 43 43 43 43 43 43 43 43 43 43 0 43 43 43 
0 71 75 66 75 75 75 75 75 75 75 75 75 75 75 75 75 53 75 75 75 75 75 69 75 75 75 0 75 75 
0 71 140 66 139 114 149 108 109 141 116 166 154 86 100 109 135 53 126 119 140 112 131 69 127 112 96 105 0 80 
0 0 0 0 0 0 0 0 0 0 0 0 0 0 0 0 0 0 0 0 0 0 0 0 0 0 0 0 0 0 
0