82 352 30 0
1 16 20
16 10 20
10 27 20
27 24 20
24 17 20
17 14 20
14 13 20
13 19 20
19 29 20
29 2 20
2 18 20
18 23 20
23 21 20
21 9 20
9 28 20
28 8 20
8 25 20
25 5 20
5 15 20
15 12 20
12 22 20
22 20 20
20 4 20
4 6 20
6 3 20
3 26 20
26 7 20
7 11 20
10 30 20
1 15 3
1 3 19
1 9 13
1 4 12
1 27 7
1 13 16
1 20 16
1 22 2
1 6 18
2 11 8
2 17 2
2 24 15
2 14 4
3 29 10
3 19 10
3 22 2
3 8 8
3 16 13
3 13 18
3 7 11
3 4 11
3 27 8
3 9 17
3 11 3
3 2 15
3 20 17
3 23 2
3 21 14
3 5 3
3 12 10
3 15 19
3 17 7
4 11 17
5 4 10
5 7 8
6 21 19
6 26 10
6 9 10
6 5 2
6 23 6
6 10 20
6 17 12
6 19 8
6 25 17
6 8 19
6 18 9
7 4 4
7 10 6
7 16 7
7 28 2
7 14 10
7 9 8
7 22 10
8 24 2
8 17 1
8 20 13
8 10 11
8 9 5
8 2 10
8 19 15
8 16 20
8 14 10
9 22 13
9 17 5
9 11 19
9 19 3
9 27 14
9 5 8
9 24 18
9 4 16
9 13 14
9 2 11
9 29 2
9 25 9
9 16 20
9 23 2
9 26 12
10 25 3
10 29 14
10 15 8
10 14 8
10 21 1
10 24 5
10 18 12
10 23 3
10 11 1
10 22 16
11 25 14
11 8 12
11 13 18
11 14 15
11 27 15
11 21 20
11 24 9
11 19 5
11 6 6
11 20 12
11 23 2
12 25 17
12 14 16
12 27 2
12 20 10
13 26 7
13 5 14
13 15 4
13 16 20
13 28 20
13 29 5
13 2 12
13 22 7
13 25 9
13 12 8
13 18 18
13 7 20
13 10 7
14 16 16
15 24 12
15 9 15
15 21 11
15 28 5
15 29 18
15 20 6
16 12 7
16 27 16
16 22 6
16 28 1
16 17 2
16 5 4
16 25 11
16 24 14
16 11 9
16 29 3
16 2 13
16 15 14
16 23 12
17 29 15
17 10 15
17 12 11
17 4 20
17 18 11
17 21 12
17 22 16
19 12 6
19 10 18
19 20 15
19 16 4
19 22 17
19 18 5
20 17 11
20 14 14
20 24 12
20 13 3
20 2 10
20 21 1
20 5 8
20 29 4
20 25 6
20 16 9
20 27 7
20 9 19
20 10 1
20 26 17
20 6 3
21 2 11
21 14 16
21 26 19
21 29 12
21 4 12
21 18 16
21 13 15
21 24 6
21 7 7
21 16 1
21 27 3
22 11 5
22 14 17
22 28 10
22 5 20
22 25 5
22 24 20
23 29 5
23 26 4
24 12 4
24 18 16
25 17 11
25 4 17
25 14 4
25 7 5
26 12 15
26 16 14
26 19 6
26 29 5
26 15 8
26 2 18
26 22 2
26 10 20
26 5 1
26 17 9
27 5 16
27 23 1
27 14 15
27 26 3
27 2 18
27 18 15
27 4 6
27 19 16
27 6 20
27 15 4
27 28 7
27 22 13
27 29 7
29 14 1
29 24 19
29 28 10
29 12 14
29 5 8
29 22 1
29 25 11
2 30 16
27 31 13
31 10 13
24 32 15
32 27 15
19 33 8
33 13 8
29 34 5
34 19 5
2 35 19
35 29 19
25 36 1
36 8 1
22 37 15
37 12 15
7 38 7
38 3 7
9 39 2
39 3 2
20 40 12
40 3 12
21 41 18
41 3 18
15 42 7
42 3 7
21 43 11
43 6 11
26 44 2
44 6 2
23 45 14
45 6 14
25 46 7
46 6 7
16 47 17
47 7 17
9 48 13
48 7 13
17 49 9
49 8 9
19 50 3
50 8 3
16 51 14
51 8 14
27 52 10
52 9 10
29 53 7
53 9 7
25 54 17
54 9 17
26 55 18
55 9 18
25 56 20
56 10 20
15 57 13
57 10 13
21 58 6
58 10 6
11 59 15
59 10 15
25 60 8
60 11 8
27 61 6
61 11 6
21 62 8
62 11 8
20 63 4
63 11 4
14 64 20
64 12 20
27 65 3
65 12 3
26 66 12
66 13 12
16 67 14
67 13 14
16 68 12
68 14 12
21 69 2
69 15 2
29 70 16
70 15 16
20 71 19
71 15 19
22 72 7
72 16 7
25 73 4
73 16 4
29 74 5
74 16 5
21 75 18
75 17 18
20 76 5
76 19 5
29 77 4
77 20 4
25 78 4
78 20 4
26 79 18
79 21 18
26 80 6
80 23 6
29 81 14
81 26 14
29 82 17
82 27 17
0 126 85 126 104 101 101 86 126 126 108 126 126 126 117 126 98 122 93 117 116 125 54 126 122 106 124 75 126 36 
0 0 66 68 68 68 68 68 68 68 68 68 68 68 68 68 68 68 68 68 68 68 54 68 68 68 68 68 68 36 
0 138 0 116 104 83 101 86 146 185 108 133 122 162 114 140 98 122 93 101 116 123 54 152 122 106 117 75 139 36 
0 37 37 0 37 37 37 37 37 37 37 37 37 37 37 37 37 37 37 37 37 37 37 37 37 37 37 37 37 36 
0 38 38 38 0 38 38 38 38 38 38 38 38 38 38 38 38 38 38 38 38 38 38 38 38 38 38 38 38 36 
0 138 66 116 104 0 101 86 146 152 108 133 122 152 114 140 98 122 93 101 116 123 54 152 122 106 117 75 139 36 
0 74 66 74 74 74 0 74 74 74 74 74 74 74 74 74 74 74 74 74 74 74 54 74 74 74 74 74 74 36 
0 107 66 107 104 83 101 0 107 107 107 107 107 107 107 107 98 107 93 101 107 107 54 107 107 106 107 75 107 36 
0 138 66 116 104 83 101 86 0 185 108 133 122 162 114 140 98 122 93 101 116 123 54 152 122 106 117 75 139 36 
0 91 66 91 91 83 91 86 91 0 91 91 91 91 91 91 91 91 91 91 91 91 54 91 91 91 91 75 91 36 
0 138 66 116 104 83 101 86 143 143 0 133 122 143 114 140 98 122 93 101 116 123 54 143 122 106 117 75 139 36 
0 65 65 65 65 65 65 65 65 65 65 0 65 65 65 65 65 65 65 65 65 65 54 65 65 65 65 65 65 36 
0 138 66 116 104 83 101 86 146 171 108 133 0 162 114 140 98 122 93 101 116 123 54 152 122 106 117 75 139 36 
0 56 56 56 56 56 56 56 56 56 56 56 56 0 56 56 56 56 56 56 56 56 54 56 56 56 56 56 56 36 
0 107 66 107 104 83 101 86 107 107 107 107 107 107 0 107 98 107 93 101 107 107 54 107 107 106 107 75 107 36 
0 138 66 116 104 83 101 86 146 185 108 133 122 162 114 0 98 122 93 101 116 123 54 152 122 106 117 75 139 36 
0 129 66 116 104 83 101 86 129 129 108 129 122 129 114 129 0 122 93 101 116 123 54 129 122 106 117 75 129 36 
0 20 20 20 20 20 20 20 20 20 20 20 20 20 20 20 20 0 20 20 20 20 20 20 20 20 20 20 20 20 
0 96 66 96 96 83 96 86 96 96 96 96 96 96 96 96 96 96 0 96 96 96 54 96 96 96 96 75 96 36 
0 138 66 116 104 83 101 86 146 185 108 133 122 162 114 140 98 122 93 0 116 123 54 152 122 106 117 75 139 36 
0 138 66 116 104 83 101 86 146 185 108 133 122 162 114 140 98 122 93 101 0 123 54 152 122 106 117 75 139 36 
0 119 66 116 104 83 101 86 119 119 108 119 119 119 114 119 98 119 93 101 116 0 54 119 119 106 117 75 119 36 
0 43 43 43 43 43 43 43 43 43 43 43 43 43 43 43 43 43 43 43 43 43 0 43 43 43 43 43 43 36 
0 55 55 55 55 55 55 55 55 55 55 55 55 55 55 55 55 55 55 55 55 55 54 0 55 55 55 55 55 36 
0 118 66 116 104 83 101 86 118 118 108 118 118 118 114 118 98 118 93 101 116 118 54 118 0 106 117 75 118 36 
0 138 66 116 104 83 101 86 146 174 108 133 122 162 114 140 98 122 93 101 116 123 54 152 122 0 117 75 139 36 
0 138 66 116 104 83 101 86 146 185 108 133 122 162 114 140 98 122 93 101 116 123 54 152 122 106 0 75 139 36 
0 20 20 20 20 20 20 20 20 20 20 20 20 20 20 20 20 20 20 20 20 20 20 20 20 20 20 0 20 20 
0 138 66 116 104 83 101 86 146 152 108 133 122 152 114 140 98 122 93 101 116 123 54 152 122 106 117 75 0 36 
0 0 0 0 0 0 0 0 0 0 0 0 0 0 0 0 0 0 0 0 0 0 0 0 0 0 0 0 0 0 
0