84 354 30 0
1 26 20
26 6 20
6 4 20
4 21 20
21 9 20
9 11 20
11 10 20
10 7 20
7 29 20
29 22 20
22 3 20
3 14 20
14 16 20
16 17 20
17 12 20
12 8 20
8 5 20
5 2 20
2 13 20
13 25 20
25 27 20
27 15 20
15 28 20
28 19 20
19 24 20
24 23 20
23 20 20
20 18 20
9 30 20
1 4 6
1 17 7
1 7 14
1 19 7
1 25 6
1 10 1
1 8 18
1 18 8
1 16 8
1 11 20
1 5 9
1 29 20
1 13 20
2 3 13
2 15 8
2 16 18
2 29 14
2 25 9
2 19 6
2 24 6
2 8 6
2 28 9
2 23 12
2 26 6
2 20 17
2 10 11
3 17 14
3 28 8
3 12 11
4 22 15
4 26 19
4 17 11
4 8 3
4 11 20
4 27 14
4 14 13
4 5 4
4 28 8
4 29 3
4 16 18
5 15 4
5 20 11
6 13 7
6 20 3
6 23 17
6 25 8
6 11 16
6 24 7
6 12 3
6 10 10
6 14 8
6 29 6
6 7 9
6 15 12
7 21 19
7 8 1
7 22 15
7 15 20
7 26 1
7 13 1
7 12 19
7 2 12
7 27 13
7 18 16
7 4 6
7 3 5
7 23 19
7 19 7
7 16 1
8 18 8
9 14 15
9 20 8
9 16 8
9 12 16
10 16 9
10 3 17
10 26 17
10 21 16
10 14 8
10 19 12
10 9 9
10 13 17
10 15 10
11 22 1
11 17 12
11 15 1
11 2 16
11 7 20
11 23 8
11 25 3
11 13 4
11 27 13
11 14 9
11 12 16
11 26 8
11 3 7
11 20 8
11 29 20
12 28 7
12 19 12
12 13 15
13 9 7
13 4 19
14 25 1
14 18 17
14 21 10
14 17 14
15 8 20
15 17 15
15 13 12
15 25 3
15 9 7
15 3 17
15 14 17
15 21 3
15 22 7
16 27 20
16 3 19
16 26 13
16 11 19
16 24 2
17 27 15
17 10 16
17 5 4
17 18 7
17 7 2
17 24 15
17 26 9
17 21 10
17 2 7
17 19 20
18 19 18
18 5 10
18 12 14
18 2 6
18 26 19
18 4 15
18 21 11
19 23 14
19 29 3
19 16 6
20 13 18
20 8 10
22 26 15
22 9 2
22 28 18
22 19 18
22 25 13
22 5 9
22 17 1
23 16 1
24 11 20
24 7 20
24 18 20
24 5 1
25 28 14
25 3 15
25 23 11
25 19 11
25 17 14
26 29 5
26 3 3
26 14 3
26 23 1
26 13 14
26 25 7
26 27 5
26 15 8
26 12 20
26 21 3
27 18 12
27 6 15
27 3 6
27 5 14
27 21 2
27 13 1
27 10 18
27 8 10
27 19 7
27 2 6
27 23 4
27 20 20
28 5 19
28 27 14
28 20 5
28 16 18
28 24 13
28 18 1
28 6 1
28 7 1
28 23 6
28 9 2
28 26 15
28 11 4
29 3 3
29 28 12
29 14 4
29 16 11
29 5 20
29 9 13
29 25 19
29 21 9
29 20 8
29 24 9
29 18 3
29 10 15
29 8 11
2 30 2
5 30 15
6 30 9
7 30 17
11 30 10
12 30 7
13 30 2
14 30 8
15 30 19
17 30 4
6 31 11
31 26 11
4 32 1
32 6 1
11 33 4
33 9 4
29 34 19
34 7 19
14 35 20
35 3 20
25 36 12
36 13 12
28 37 6
37 15 6
19 38 9
38 28 9
24 39 12
39 19 12
15 40 4
40 2 4
16 41 14
41 2 14
29 42 4
42 2 4
25 43 5
43 2 5
26 44 12
44 2 12
20 45 15
45 2 15
28 46 11
46 3 11
12 47 7
47 3 7
17 48 14
48 4 14
27 49 14
49 4 14
28 50 9
50 4 9
15 51 20
51 5 20
10 52 18
52 6 18
29 53 9
53 6 9
7 54 18
54 6 18
15 55 3
55 6 3
15 56 12
56 7 12
26 57 19
57 7 19
27 58 9
58 7 9
18 59 4
59 7 4
19 60 13
60 7 13
16 61 5
61 9 5
26 62 17
62 10 17
17 63 18
63 11 18
25 64 5
64 11 5
27 65 17
65 11 17
26 66 19
66 11 19
29 67 1
67 11 1
28 68 12
68 12 12
19 69 16
69 12 16
17 70 1
70 14 1
17 71 16
71 15 16
22 72 16
72 15 16
27 73 20
73 16 20
26 74 5
74 16 5
27 75 15
75 17 15
18 76 17
76 17 17
26 77 10
77 17 10
26 78 14
78 18 14
29 79 4
79 19 4
26 80 4
80 22 4
28 81 9
81 22 9
25 82 2
82 22 2
28 83 12
83 25 12
27 84 2
84 26 2
0 121 163 103 130 85 162 99 69 108 164 147 141 98 121 143 150 126 154 100 103 73 112 72 101 155 114 105 91 113 
0 0 155 97 121 85 148 81 69 107 155 147 121 98 121 135 143 118 147 100 103 73 112 72 95 135 114 105 71 113 
0 53 0 53 53 53 53 53 53 53 53 53 53 53 53 53 53 53 53 53 53 53 53 53 53 53 53 53 53 53 
0 121 149 0 121 85 148 81 69 107 149 147 121 98 121 135 143 118 147 100 103 73 112 72 95 135 114 105 71 113 
0 35 35 35 0 35 35 35 35 35 35 35 35 35 35 35 35 35 35 35 35 35 35 35 35 35 35 35 35 50 
0 121 137 97 121 0 137 81 69 107 137 137 121 98 121 135 137 118 137 100 103 73 112 72 95 135 114 105 71 113 
0 121 163 97 121 85 0 81 69 107 159 147 121 98 121 135 143 118 147 100 103 73 112 72 95 135 114 105 71 113 
0 28 28 28 28 28 28 0 28 28 28 28 28 28 28 28 28 28 28 28 28 28 28 28 28 28 28 28 28 28 
0 67 67 67 67 67 67 67 0 67 67 67 67 67 67 67 67 67 67 67 67 67 67 67 67 67 67 67 67 87 
0 121 153 97 121 85 148 81 69 0 153 147 121 98 121 135 143 118 147 100 103 73 112 72 95 135 114 105 71 113 
0 121 163 97 121 85 148 81 69 107 0 147 121 98 121 135 143 118 147 100 103 73 112 72 95 135 114 105 71 113 
0 61 61 61 61 61 61 61 61 61 61 0 61 61 61 61 61 61 61 61 61 61 61 61 61 61 61 61 61 68 
0 46 46 46 46 46 46 46 46 46 46 46 0 46 46 46 46 46 46 46 46 46 46 46 46 46 46 46 46 48 
0 82 82 82 82 82 82 81 69 82 82 82 82 0 82 82 82 82 82 82 82 73 82 72 82 82 82 82 71 90 
0 121 159 97 121 85 148 81 69 107 159 147 121 98 0 135 143 118 147 100 103 73 112 72 95 135 114 105 71 113 
0 112 112 97 112 85 112 81 69 107 112 112 112 98 112 0 112 112 112 100 103 73 112 72 95 112 112 105 71 112 
0 121 163 97 121 85 148 81 69 107 159 147 121 98 121 135 0 118 147 100 103 73 112 72 95 135 114 105 71 113 
0 114 114 97 114 85 114 81 69 107 114 114 114 98 114 114 114 0 114 100 103 73 112 72 95 114 114 105 71 113 
0 81 81 81 81 81 81 81 69 81 81 81 81 81 81 81 81 81 0 81 81 73 81 72 81 81 81 81 71 81 
0 63 63 63 63 63 63 63 63 63 63 63 63 63 63 63 63 63 63 0 63 63 63 63 63 63 63 63 63 63 
0 20 20 20 20 20 20 20 20 20 20 20 20 20 20 20 20 20 20 20 0 20 20 20 20 20 20 20 20 20 
0 112 112 97 112 85 112 81 69 107 112 112 112 98 112 112 112 112 112 100 103 0 112 72 95 112 112 105 71 112 
0 21 21 21 21 21 21 21 21 21 21 21 21 21 21 21 21 21 21 21 21 21 0 21 21 21 21 21 21 21 
0 93 93 93 93 85 93 81 69 93 93 93 93 93 93 93 93 93 93 93 93 73 93 0 93 93 93 93 71 93 
0 109 109 97 109 85 109 81 69 107 109 109 109 98 109 109 109 109 109 100 103 73 109 72 0 109 109 105 71 109 
0 121 163 97 121 85 148 81 69 107 159 147 121 98 121 135 143 118 147 100 103 73 112 72 95 0 114 105 71 113 
0 121 163 97 121 85 148 81 69 107 159 147 121 98 121 135 143 118 147 100 103 73 112 72 95 135 0 105 71 113 
0 121 163 97 121 85 148 81 69 107 159 147 121 98 121 135 143 118 147 100 103 73 112 72 95 135 114 0 71 113 
0 121 163 97 121 85 148 81 69 107 159 147 121 98 121 135 143 118 147 100 103 73 112 72 95 135 114 105 0 113 
0 0 0 0 0 0 0 0 0 0 0 0 0 0 0 0 0 0 0 0 0 0 0 0 0 0 0 0 0 0 
0