89 359 30 0
1 28 20
28 22 20
22 25 20
25 10 20
10 7 20
7 29 20
29 5 20
5 6 20
6 16 20
16 14 20
14 18 20
18 27 20
27 15 20
15 2 20
2 23 20
23 9 20
9 3 20
3 20 20
20 24 20
24 21 20
21 26 20
26 12 20
12 17 20
17 13 20
13 19 20
19 11 20
11 8 20
8 4 20
7 30 20
1 5 11
1 10 4
1 4 17
1 21 18
1 6 11
2 28 1
2 22 18
2 16 2
2 6 12
2 27 6
2 5 4
2 14 20
2 11 16
2 7 11
2 4 5
2 12 15
2 9 17
2 20 2
2 25 15
2 13 10
2 26 17
2 29 10
3 27 5
3 24 19
3 18 7
3 7 10
4 15 14
4 17 1
4 12 7
4 13 4
5 23 17
5 24 20
5 11 9
5 20 19
5 9 12
5 17 10
5 3 8
5 27 10
5 4 10
5 12 15
5 16 12
5 21 11
5 8 14
5 22 16
6 17 19
6 11 4
6 10 17
6 26 6
6 4 20
6 22 11
6 8 14
6 14 1
6 15 9
7 11 15
7 25 8
7 9 1
7 19 11
7 20 12
7 22 17
7 23 6
7 18 1
7 21 15
7 12 18
7 15 4
7 27 14
7 17 20
8 20 10
8 21 14
8 10 19
8 17 10
8 16 1
8 13 11
10 18 12
10 28 10
10 24 3
10 29 5
11 23 16
11 28 20
11 17 10
12 14 19
12 27 11
12 28 19
12 6 7
13 3 13
13 5 3
13 21 9
13 9 8
13 27 4
13 24 5
13 22 18
13 6 20
13 7 19
13 28 18
13 15 12
13 23 17
13 14 4
14 29 18
14 17 18
14 10 10
14 9 9
14 19 9
14 26 19
14 27 12
15 20 13
15 5 12
16 19 5
16 23 3
16 17 18
16 15 19
16 20 13
16 27 17
16 13 9
16 29 18
16 25 5
16 24 12
16 11 19
17 18 1
17 9 14
17 24 7
17 3 14
17 26 9
17 25 8
17 2 16
18 9 1
18 19 11
18 11 10
19 8 1
19 2 1
19 21 12
19 28 3
19 29 13
19 24 13
19 22 12
19 3 15
19 17 7
20 18 11
20 13 14
20 17 8
20 12 10
20 9 17
20 19 15
20 23 5
20 28 12
21 4 8
21 6 8
21 12 6
21 9 10
21 3 14
21 10 5
21 11 6
21 14 16
23 6 10
23 22 20
23 24 17
23 3 19
23 29 10
23 19 19
23 17 1
24 8 10
24 22 14
24 26 4
24 4 15
24 18 17
24 6 12
25 13 15
25 18 13
25 20 8
25 29 1
26 10 7
26 23 19
26 9 3
26 29 1
26 5 6
26 25 16
27 11 3
27 26 9
27 29 11
27 20 13
27 24 9
27 28 2
27 23 9
28 8 1
28 7 11
28 9 3
28 6 12
28 26 12
28 23 7
28 17 19
28 14 14
28 21 5
28 5 15
29 9 13
29 12 7
29 17 17
29 11 14
29 6 15
29 18 8
29 13 1
29 3 2
29 24 12
29 28 15
29 15 10
29 21 20
2 30 1
3 30 10
4 30 1
6 30 17
11 30 17
12 30 4
16 30 20
17 30 5
19 30 16
25 31 12
31 22 12
10 32 1
32 25 1
7 33 19
33 10 19
29 34 16
34 7 16
5 35 16
35 29 16
16 36 9
36 6 9
14 37 18
37 16 18
17 38 14
38 12 14
13 39 15
39 17 15
19 40 12
40 13 12
4 41 3
41 8 3
28 42 15
42 2 15
16 43 18
43 2 18
6 44 14
44 2 14
5 45 12
45 2 12
14 46 12
46 2 12
11 47 7
47 2 7
7 48 8
48 2 8
9 49 12
49 2 12
20 50 6
50 2 6
25 51 11
51 2 11
13 52 4
52 2 4
29 53 13
53 2 13
17 54 17
54 4 17
13 55 13
55 4 13
24 56 11
56 5 11
27 57 4
57 5 4
16 58 5
58 5 5
17 59 3
59 6 3
14 60 4
60 6 4
19 61 9
61 7 9
23 62 15
62 7 15
21 63 18
63 7 18
20 64 19
64 8 19
21 65 9
65 8 9
17 66 11
66 8 11
13 67 20
67 8 20
28 68 14
68 10 14
23 69 16
69 11 16
28 70 17
70 11 17
28 71 19
71 12 19
24 72 13
72 13 13
28 73 5
73 13 5
14 74 1
74 13 1
29 75 9
75 14 9
27 76 15
76 14 15
17 77 4
77 16 4
24 78 6
78 16 6
18 79 4
79 17 4
24 80 8
80 17 8
26 81 2
81 17 2
21 82 17
82 19 17
28 83 8
83 19 8
29 84 5
84 19 5
24 85 8
85 19 8
29 86 17
86 25 17
29 87 9
87 26 9
29 88 19
88 27 19
28 89 7
89 27 7
0 81 81 81 81 81 81 81 81 81 81 81 81 81 81 63 81 81 81 81 81 81 81 81 81 81 81 81 81 81 
0 0 105 108 80 132 129 122 128 111 149 131 115 118 88 63 201 90 128 110 106 158 119 137 90 105 125 100 123 111 
0 61 0 61 61 61 61 61 61 61 61 61 61 61 61 61 61 61 61 61 61 61 61 61 61 61 61 61 61 71 
0 29 29 0 29 29 29 29 29 29 29 29 29 29 29 29 29 29 29 29 29 29 29 29 29 29 29 29 29 30 
0 169 105 108 0 132 129 122 128 111 149 131 115 118 88 63 207 90 128 110 106 158 119 137 90 105 125 100 123 111 
0 135 105 108 80 0 129 122 128 111 135 131 115 118 88 63 135 90 128 110 106 135 119 135 90 105 125 100 123 111 
0 169 105 108 80 132 0 122 128 111 149 131 115 118 88 63 189 90 128 110 106 158 119 137 90 105 125 100 123 111 
0 85 85 85 80 85 85 0 85 85 85 85 85 85 85 63 85 85 85 85 85 85 85 85 85 85 85 85 85 85 
0 32 32 32 32 32 32 32 0 32 32 32 32 32 32 32 32 32 32 32 32 32 32 32 32 32 32 32 32 32 
0 51 51 51 51 51 51 51 51 0 51 51 51 51 51 51 51 51 51 51 51 51 51 51 51 51 51 51 51 51 
0 73 73 73 73 73 73 73 73 73 0 73 73 73 73 63 73 73 73 73 73 73 73 73 73 73 73 73 73 90 
0 76 76 76 76 76 76 76 76 76 76 0 76 76 76 63 76 76 76 76 76 76 76 76 76 76 76 76 76 80 
0 169 105 108 80 132 129 122 128 111 149 131 0 118 88 63 207 90 128 110 106 158 119 137 90 105 125 100 123 111 
0 150 105 108 80 132 129 122 128 111 149 131 115 0 88 63 150 90 128 110 106 150 119 137 90 105 125 100 123 111 
0 45 45 45 45 45 45 45 45 45 45 45 45 45 0 45 45 45 45 45 45 45 45 45 45 45 45 45 45 45 
0 169 105 108 80 132 129 122 128 111 149 131 115 118 88 0 190 90 128 110 106 158 119 137 90 105 125 100 123 111 
0 138 105 108 80 132 129 122 128 111 138 131 115 118 88 63 0 90 128 110 106 138 119 137 90 105 125 100 123 111 
0 46 46 46 46 46 46 46 46 46 46 46 46 46 46 46 46 0 46 46 46 46 46 46 46 46 46 46 46 46 
0 118 105 108 80 118 118 118 118 111 118 118 115 118 88 63 118 90 0 110 106 118 118 118 90 105 118 100 118 111 
0 137 105 108 80 132 129 122 128 111 137 131 115 118 88 63 137 90 128 0 106 137 119 137 90 105 125 100 123 111 
0 137 105 108 80 132 129 122 128 111 137 131 115 118 88 63 137 90 128 110 0 137 119 137 90 105 125 100 123 111 
0 20 20 20 20 20 20 20 20 20 20 20 20 20 20 20 20 20 20 20 20 0 20 20 20 20 20 20 20 20 
0 147 105 108 80 132 129 122 128 111 147 131 115 118 88 63 147 90 128 110 106 147 0 137 90 105 125 100 123 111 
0 138 105 108 80 132 129 122 128 111 138 131 115 118 88 63 138 90 128 110 106 138 119 0 90 105 125 100 123 111 
0 68 68 68 68 68 68 68 68 68 68 68 68 68 68 63 68 68 68 68 68 80 68 68 0 68 68 68 68 68 
0 74 74 74 74 74 74 74 74 74 74 74 74 74 74 63 74 74 74 74 74 74 74 74 74 0 74 74 74 74 
0 95 95 95 80 95 95 95 95 95 95 95 95 95 88 63 95 90 95 95 95 95 95 95 90 95 0 95 95 95 
0 169 105 108 80 132 129 122 128 111 149 131 115 118 88 63 204 90 128 110 106 158 119 137 90 105 125 0 123 111 
0 169 105 108 80 132 129 122 128 111 149 131 115 118 88 63 207 90 128 110 106 158 119 137 90 105 125 100 0 111 
0 0 0 0 0 0 0 0 0 0 0 0 0 0 0 0 0 0 0 0 0 0 0 0 0 0 0 0 0 0 
0