72 342 30 0
1 17 20
17 18 20
18 6 20
6 22 20
22 2 20
2 14 20
14 27 20
27 15 20
15 19 20
19 29 20
29 28 20
28 23 20
23 21 20
21 10 20
10 8 20
8 3 20
3 7 20
7 5 20
5 4 20
4 11 20
11 25 20
25 16 20
16 12 20
12 24 20
24 9 20
9 20 20
20 26 20
26 13 20
22 30 20
1 2 15
1 7 10
1 19 4
1 12 8
1 27 16
1 22 7
1 4 18
1 9 1
1 24 15
1 29 3
1 13 18
1 25 2
1 15 10
1 28 8
1 21 17
1 26 1
1 8 5
1 30 10
2 5 5
2 28 3
2 13 20
2 20 9
2 9 11
2 7 7
2 27 19
2 12 11
2 19 4
2 23 14
2 10 16
2 11 7
2 24 1
2 16 12
3 2 20
3 4 15
3 15 6
3 10 1
3 26 3
3 9 11
3 14 4
3 25 19
3 28 13
3 21 11
3 11 11
3 13 5
4 16 13
4 28 7
4 6 16
4 23 15
4 8 17
4 2 14
4 12 12
4 25 12
4 18 14
4 9 19
4 7 6
4 14 6
4 19 7
4 13 6
4 29 4
4 20 9
5 22 8
5 11 18
5 28 6
5 13 6
5 12 2
5 19 18
5 25 4
5 8 7
5 24 12
5 9 3
5 15 7
5 10 3
5 27 5
6 24 3
6 9 5
6 2 20
6 20 17
6 8 2
6 13 17
6 27 2
6 17 1
6 14 14
6 10 16
6 12 18
6 15 7
6 7 9
6 11 17
6 23 3
8 2 12
8 18 16
8 13 7
8 16 13
8 11 2
8 23 12
8 17 15
8 12 8
9 26 16
9 8 20
9 29 8
9 11 8
10 4 7
10 15 6
10 20 20
10 13 20
10 16 15
10 28 5
10 14 20
10 17 8
11 22 3
11 14 11
12 9 7
14 13 11
14 18 2
14 23 12
14 16 18
14 8 7
14 19 12
15 25 10
16 5 13
16 20 14
16 6 5
16 21 1
16 28 15
17 16 1
18 9 17
18 10 14
18 22 2
18 26 17
18 16 17
18 21 3
18 20 3
18 3 15
19 18 18
19 22 14
19 27 12
19 24 18
19 20 7
20 7 13
20 12 18
21 29 14
21 13 11
21 14 17
22 14 17
22 28 16
22 24 18
22 17 12
22 4 19
22 25 7
22 3 15
23 13 9
23 3 9
23 15 10
23 19 6
23 18 5
23 11 5
23 7 8
23 17 16
23 5 4
23 16 16
23 10 13
23 20 3
24 15 10
24 14 17
24 13 2
24 18 17
24 3 19
24 8 20
24 23 3
24 10 17
24 17 8
24 28 20
24 11 5
24 16 3
24 20 14
25 18 13
25 23 9
26 6 9
26 16 7
26 28 15
26 21 13
26 15 5
26 7 10
26 11 16
26 24 13
26 12 18
26 19 2
26 17 8
26 2 20
27 17 8
27 13 4
27 8 12
27 22 13
27 23 11
27 9 13
27 21 6
27 10 15
27 11 5
27 29 4
27 7 12
27 3 5
27 24 15
27 28 17
28 12 15
28 17 5
28 8 2
28 19 19
28 7 3
28 21 3
28 18 9
28 9 14
28 14 2
28 11 17
29 6 19
29 25 3
29 23 15
29 10 19
29 12 6
29 26 6
29 2 3
29 17 9
29 7 19
29 22 9
29 15 1
29 24 20
4 30 5
5 30 1
6 30 8
8 30 14
9 30 20
6 31 4
31 18 4
22 32 18
32 6 18
2 33 10
33 22 10
14 34 17
34 2 17
29 35 3
35 19 3
28 36 8
36 29 8
23 37 7
37 28 7
5 38 18
38 7 18
16 39 1
39 25 1
24 40 11
40 12 11
9 41 16
41 24 16
26 42 18
42 20 18
28 43 4
43 2 4
23 44 15
44 2 15
10 45 15
45 2 15
26 46 17
46 3 17
28 47 17
47 3 17
28 48 3
48 4 3
6 49 19
49 4 19
23 50 12
50 4 12
8 51 16
51 4 16
18 52 12
52 4 12
14 53 6
53 4 6
29 54 20
54 4 20
27 55 13
55 5 13
8 56 1
56 6 1
10 57 5
57 6 5
23 58 1
58 6 1
23 59 6
59 8 6
26 60 13
60 9 13
29 61 13
61 9 13
28 62 18
62 10 18
21 63 13
63 16 13
28 64 14
64 16 14
22 65 18
65 18 18
26 66 6
66 18 6
27 67 10
67 19 10
24 68 14
68 19 14
29 69 3
69 21 3
24 70 19
70 22 19
2 71 20
71 26 20
28 72 9
72 27 9
0 160 117 160 55 94 135 118 147 152 131 147 156 128 82 160 110 142 119 134 77 105 114 151 78 83 83 152 61 78 
0 0 117 149 55 94 125 113 146 152 131 139 138 128 72 162 90 142 115 134 60 98 114 136 76 82 67 144 58 68 
0 134 0 134 55 94 125 113 134 134 131 134 138 128 72 134 90 134 115 134 60 98 114 134 76 82 67 134 58 68 
0 160 117 0 55 94 125 113 146 152 131 139 138 128 72 162 90 142 115 134 60 98 114 136 76 82 67 144 58 68 
0 113 113 113 0 94 125 113 113 113 113 113 119 113 72 113 90 113 113 113 60 98 113 113 76 82 67 113 58 68 
0 160 117 149 55 0 125 113 146 152 131 139 138 128 72 162 90 142 115 134 60 98 114 136 76 82 67 144 58 68 
0 20 20 20 20 20 0 20 20 20 20 20 20 20 20 20 20 20 20 20 20 20 20 20 20 20 20 20 20 20 
0 115 115 115 55 94 115 0 115 115 115 115 122 115 72 115 90 115 115 115 60 98 114 115 76 82 67 115 58 68 
0 88 88 88 55 88 88 88 0 88 88 88 88 88 72 88 88 88 88 88 60 88 88 88 76 82 67 88 58 68 
0 121 117 121 55 94 121 113 121 0 121 121 138 121 72 121 90 121 115 121 60 98 114 121 76 82 67 121 58 68 
0 34 34 34 34 34 34 34 34 34 0 34 34 34 34 34 34 34 34 34 34 34 34 34 34 34 34 34 34 34 
0 27 27 27 27 27 27 27 27 27 27 0 27 27 27 27 27 27 27 27 27 27 27 27 27 27 27 27 27 27 
0 0 0 0 0 0 0 0 0 0 0 0 0 0 0 0 0 0 0 0 0 0 0 0 0 0 0 0 0 0 
0 94 94 94 55 94 94 94 94 94 94 94 105 0 72 94 90 94 94 94 60 94 94 94 76 82 67 94 58 68 
0 30 30 30 30 30 30 30 30 30 30 30 30 30 0 30 30 30 30 30 30 30 30 30 30 30 30 30 30 30 
0 69 69 69 55 69 69 69 69 69 69 69 69 69 69 0 69 69 69 69 60 69 69 69 69 69 67 69 58 68 
0 21 21 21 21 21 21 21 21 21 21 21 21 21 21 21 0 21 21 21 21 21 21 21 21 21 21 21 21 21 
0 120 117 120 55 94 120 113 120 120 120 120 120 120 72 120 90 0 115 120 60 98 114 120 76 82 67 120 58 68 
0 89 89 89 55 89 89 89 89 89 89 89 89 89 72 89 89 89 0 89 60 89 89 89 76 82 67 89 58 68 
0 51 51 51 51 51 51 51 51 51 51 51 51 51 51 51 51 51 51 0 51 51 51 51 51 51 51 51 51 51 
0 64 64 64 55 64 64 64 64 64 64 64 75 64 64 64 64 64 64 64 0 64 64 64 64 64 64 64 58 64 
0 160 117 149 55 94 125 113 146 152 131 139 138 128 72 160 90 142 115 134 60 0 114 136 76 82 67 144 58 68 
0 156 117 149 55 94 125 113 146 152 131 139 138 128 72 156 90 142 115 134 60 98 0 136 76 82 67 144 58 68 
0 160 117 149 55 94 125 113 146 152 131 139 138 128 72 162 90 142 115 134 60 98 114 0 76 82 67 144 58 68 
0 42 42 42 42 42 42 42 42 42 42 42 42 42 42 42 42 42 42 42 42 42 42 42 0 42 42 42 42 42 
0 160 117 149 55 94 125 113 146 152 131 139 138 128 72 162 90 142 115 134 60 98 114 136 76 0 67 144 58 68 
0 160 117 149 55 94 125 113 146 152 131 139 138 128 72 162 90 142 115 134 60 98 114 136 76 82 0 144 58 68 
0 160 117 149 55 94 125 113 146 152 131 139 138 128 72 162 90 142 115 134 60 98 114 136 76 82 67 0 58 68 
0 160 117 149 55 94 125 113 146 152 131 139 138 128 72 162 90 142 115 134 60 98 114 136 76 82 67 144 0 68 
0 0 0 0 0 0 0 0 0 0 0 0 0 0 0 0 0 0 0 0 0 0 0 0 0 0 0 0 0 0 
0