81 351 30 0
1 11 20
11 5 20
5 10 20
10 8 20
8 14 20
14 6 20
6 20 20
20 28 20
28 7 20
7 15 20
15 22 20
22 17 20
17 24 20
24 19 20
19 21 20
21 23 20
23 2 20
2 3 20
3 18 20
18 4 20
4 12 20
12 25 20
25 26 20
26 9 20
9 27 20
27 16 20
16 29 20
29 13 20
3 30 20
1 20 15
1 12 10
1 18 5
1 22 20
1 6 18
1 29 4
1 9 9
1 16 12
1 21 20
1 2 10
1 8 5
1 26 19
1 13 15
1 14 17
1 17 5
1 7 3
1 30 1
2 19 2
2 26 10
2 14 11
2 21 3
2 4 9
3 6 19
3 15 13
3 24 16
3 28 13
3 26 3
3 29 15
3 4 15
3 21 20
3 20 11
3 27 8
4 9 20
4 15 15
4 17 4
4 24 15
4 29 4
5 21 9
5 29 4
5 16 4
5 25 15
5 26 7
5 23 1
5 19 3
5 22 8
5 28 19
5 13 1
6 19 12
6 21 5
6 7 20
6 10 17
6 24 7
6 4 5
6 17 7
6 2 6
6 18 18
6 23 12
6 29 8
6 15 7
6 22 1
6 11 5
6 25 3
6 9 3
7 13 14
7 19 18
7 8 5
7 20 6
7 27 12
7 12 20
8 4 10
8 17 8
8 27 20
8 22 15
8 5 7
8 18 10
8 9 8
8 2 12
8 6 11
9 2 13
9 5 3
9 22 20
9 3 13
9 12 7
9 20 3
9 17 7
9 25 8
10 18 11
10 20 1
10 11 1
10 9 6
10 16 11
10 13 15
10 3 8
10 21 5
10 28 9
10 15 6
10 19 6
10 17 12
10 14 6
11 9 9
11 2 6
11 16 7
11 18 11
12 22 2
12 3 14
12 2 9
12 26 3
12 17 8
12 24 17
13 24 15
13 21 19
14 16 20
14 28 4
14 13 8
15 5 19
15 25 5
15 16 20
15 2 19
15 12 18
15 26 17
15 9 1
15 18 2
16 20 8
17 3 5
17 16 1
17 28 19
17 2 16
17 13 9
17 23 10
17 15 17
17 18 14
17 29 11
17 5 7
18 20 19
18 16 9
18 24 11
18 23 4
18 29 6
18 26 14
18 28 6
18 13 3
18 22 4
18 12 12
18 25 8
18 14 5
19 9 16
19 25 1
19 27 10
20 13 4
20 17 18
20 29 7
20 22 9
20 19 15
20 25 4
20 4 9
20 11 1
21 24 16
21 4 7
21 26 19
21 28 9
21 18 12
21 29 17
21 16 11
21 8 3
21 27 7
21 9 10
22 2 13
22 11 20
22 7 4
22 28 5
22 23 15
22 24 11
22 27 15
22 29 5
22 26 5
22 19 19
23 12 3
23 15 16
23 13 5
23 4 4
23 7 9
24 25 7
24 7 11
24 16 17
24 15 3
24 23 20
24 26 4
24 8 19
24 27 5
24 20 11
24 14 14
25 8 1
25 22 8
25 16 15
25 23 2
26 27 16
26 13 7
26 8 1
26 19 5
26 16 7
26 29 8
26 28 14
26 23 14
26 11 3
2 30 16
5 30 16
6 30 11
7 30 9
12 30 10
15 30 1
16 30 6
17 30 12
19 30 4
20 30 18
24 30 11
25 30 9
26 30 16
27 30 16
28 30 15
29 30 14
22 31 7
31 15 7
17 32 17
32 22 17
24 33 1
33 17 1
21 34 3
34 19 3
2 35 1
35 23 1
3 36 19
36 2 19
25 37 14
37 12 14
16 38 17
38 27 17
26 39 15
39 2 15
21 40 18
40 2 18
6 41 16
41 3 16
15 42 13
42 4 13
21 43 12
43 5 12
26 44 7
44 5 7
23 45 6
45 5 6
19 46 10
46 5 10
22 47 9
47 5 9
21 48 7
48 6 7
10 49 4
49 6 4
17 50 11
50 6 11
18 51 2
51 6 2
23 52 13
52 6 13
15 53 14
53 6 14
9 54 20
54 6 20
17 55 10
55 8 10
22 56 18
56 8 18
22 57 15
57 9 15
20 58 7
58 9 7
17 59 18
59 9 18
18 60 20
60 10 20
20 61 19
61 10 19
21 62 12
62 10 12
17 63 17
63 10 17
18 64 2
64 11 2
22 65 8
65 12 8
17 66 6
66 12 6
24 67 11
67 12 11
24 68 4
68 13 4
26 69 10
69 15 10
18 70 6
70 15 6
20 71 16
71 16 16
18 72 13
72 17 13
20 73 11
73 18 11
24 74 2
74 18 2
22 75 17
75 18 17
25 76 17
76 19 17
22 77 4
77 20 4
24 78 10
78 21 10
23 79 17
79 22 17
26 80 10
80 22 10
25 81 20
81 24 20
0 176 76 92 100 139 67 82 142 105 52 129 105 73 120 170 103 133 120 98 111 151 99 148 71 121 130 118 109 205 
0 0 56 56 56 56 56 56 56 56 32 56 56 56 56 56 56 56 56 56 56 56 56 56 56 56 56 56 56 72 
0 166 0 92 100 121 64 77 133 105 32 119 90 56 120 158 98 128 120 83 91 131 99 148 71 102 130 118 105 192 
0 78 76 0 78 78 64 77 78 78 32 78 78 56 78 78 78 78 78 78 78 78 78 78 71 78 78 78 78 78 
0 91 76 91 0 91 64 77 91 91 32 91 90 56 91 91 91 91 91 83 91 91 91 91 71 91 91 91 91 107 
0 166 76 92 100 0 64 77 133 105 32 119 90 56 120 158 98 128 120 83 91 131 99 148 71 102 130 118 105 183 
0 95 76 92 95 95 0 77 95 95 32 95 90 56 95 95 95 95 95 83 91 95 95 95 71 95 95 95 95 104 
0 121 76 92 100 121 64 0 121 105 32 119 90 56 120 121 98 121 120 83 91 121 99 121 71 102 121 118 105 121 
0 114 76 92 100 114 64 77 0 105 32 114 90 56 114 114 98 114 114 83 91 114 99 114 71 102 114 114 105 114 
0 121 76 92 100 121 64 77 121 0 32 119 90 56 120 121 98 121 120 83 91 121 99 121 71 102 121 118 105 121 
0 53 53 53 53 53 53 53 53 53 0 53 53 53 53 53 53 53 53 53 53 53 53 53 53 53 53 53 53 53 
0 73 73 73 73 73 64 73 73 73 32 0 73 56 73 73 73 73 73 73 73 73 73 73 71 73 73 73 73 83 
0 34 34 34 34 34 34 34 34 34 32 34 0 34 34 34 34 34 34 34 34 34 34 34 34 34 34 34 34 34 
0 52 52 52 52 52 52 52 52 52 32 52 52 0 52 52 52 52 52 52 52 52 52 52 52 52 52 52 52 52 
0 148 76 92 100 121 64 77 133 105 32 119 90 56 0 148 98 128 120 83 91 131 99 148 71 102 130 118 105 149 
0 28 28 28 28 28 28 28 28 28 28 28 28 28 28 0 28 28 28 28 28 28 28 28 28 28 45 28 28 50 
0 166 76 92 100 121 64 77 133 105 32 119 90 56 120 158 0 128 120 83 91 131 99 148 71 102 130 118 105 204 
0 164 76 92 100 121 64 77 133 105 32 119 90 56 120 158 98 0 120 83 91 131 99 148 71 102 130 118 105 164 
0 57 57 57 57 57 57 57 57 57 32 57 57 56 57 57 57 57 0 57 57 57 57 57 57 57 57 57 57 61 
0 137 76 92 100 121 64 77 133 105 32 119 90 56 120 140 98 128 120 0 91 131 99 137 71 102 130 118 105 158 
0 166 76 92 100 121 64 77 133 105 32 119 90 56 120 158 98 128 120 83 0 131 99 148 71 102 130 118 105 183 
0 166 76 92 100 121 64 77 133 105 32 119 90 56 120 158 98 128 120 83 91 0 99 148 71 102 130 118 105 204 
0 93 76 92 93 93 64 77 93 93 32 93 90 56 93 93 93 93 93 83 91 93 0 93 71 93 93 93 93 93 
0 159 76 92 100 121 64 77 133 105 32 119 90 56 120 158 98 128 120 83 91 131 99 0 71 102 130 118 105 170 
0 97 76 92 97 97 64 77 97 97 32 97 90 56 97 97 97 97 97 83 91 97 97 97 0 97 97 97 97 106 
0 134 76 92 100 121 64 77 133 105 32 119 90 56 120 137 98 128 120 83 91 131 99 134 71 0 130 118 105 153 
0 20 20 20 20 20 20 20 20 20 20 20 20 20 20 20 20 20 20 20 20 20 20 20 20 20 0 20 20 36 
0 20 20 20 20 20 20 20 20 20 20 20 20 20 20 20 20 20 20 20 20 20 20 20 20 20 20 0 20 35 
0 20 20 20 20 20 20 20 20 20 20 20 20 20 20 20 20 20 20 20 20 20 20 20 20 20 20 20 0 34 
0 0 0 0 0 0 0 0 0 0 0 0 0 0 0 0 0 0 0 0 0 0 0 0 0 0 0 0 0 0 
0