77 347 30 0
1 10 20
10 23 20
23 13 20
13 29 20
29 14 20
14 12 20
12 22 20
22 18 20
18 9 20
9 19 20
19 8 20
8 28 20
28 2 20
2 16 20
16 3 20
3 5 20
5 26 20
26 17 20
17 21 20
21 27 20
27 4 20
4 20 20
20 6 20
6 7 20
7 25 20
25 24 20
24 15 20
15 11 20
19 30 20
1 23 2
1 29 12
1 4 18
1 11 15
1 15 11
2 6 3
2 21 13
2 29 20
2 22 19
2 15 17
2 20 12
2 8 4
2 12 5
2 14 16
2 9 10
2 3 20
2 24 13
2 5 5
2 27 2
2 26 20
2 25 10
2 23 6
2 4 1
3 8 6
3 26 8
4 3 15
4 23 18
4 14 18
4 10 10
4 9 1
4 11 12
4 6 18
6 17 5
6 9 19
6 25 15
6 13 7
6 26 7
6 8 14
6 21 1
6 3 12
6 27 14
6 10 15
8 5 15
8 11 20
8 22 17
8 12 4
8 24 15
8 14 10
8 26 10
8 13 8
8 29 2
8 4 14
8 16 17
8 9 8
8 17 7
8 27 7
8 10 13
8 23 14
8 7 10
9 25 17
9 29 14
9 14 2
9 23 14
9 5 11
9 28 14
9 16 16
9 17 16
9 12 19
9 10 9
9 27 13
10 5 8
10 20 7
10 11 7
10 24 6
10 19 10
10 7 20
10 12 10
10 25 4
10 13 4
10 18 15
11 2 4
11 22 7
12 13 12
12 4 3
12 27 3
12 25 20
13 4 17
13 14 11
13 16 10
13 5 7
13 18 6
13 21 5
13 22 11
13 2 19
13 20 8
13 24 6
13 3 7
13 7 1
13 28 17
13 15 8
13 17 5
14 22 1
14 3 8
14 28 8
14 24 16
14 11 17
14 27 2
14 6 17
14 17 16
15 16 3
16 14 3
16 28 17
16 17 7
16 25 8
16 20 7
16 4 15
16 18 18
16 22 5
16 23 17
16 19 8
16 10 2
16 11 11
16 26 6
17 22 8
17 7 14
17 27 15
17 20 9
18 25 13
18 12 16
18 6 18
18 14 2
18 4 11
18 27 7
18 2 9
18 7 11
19 4 18
19 6 3
19 5 14
19 29 11
19 11 15
19 15 8
19 14 7
19 21 4
19 23 13
19 20 9
19 13 7
19 22 17
19 12 4
19 26 1
20 12 11
20 29 5
20 7 3
20 24 14
20 26 14
20 27 14
20 3 5
21 18 10
21 25 16
21 16 14
21 20 12
21 5 11
21 26 10
21 23 4
21 7 10
21 4 10
21 8 11
21 22 16
21 28 4
21 14 9
21 10 7
21 3 19
21 9 19
22 7 15
23 11 2
23 18 19
24 21 18
24 17 13
24 6 9
24 27 13
25 28 10
25 23 2
25 26 13
25 13 17
25 4 5
25 17 3
25 3 17
25 15 10
25 27 20
25 5 15
25 11 13
25 14 3
25 19 2
25 8 8
25 22 8
26 28 11
26 27 12
26 24 18
26 14 1
26 22 2
27 11 2
27 16 4
28 4 10
28 11 5
28 10 11
28 15 6
28 6 10
28 29 8
28 20 15
28 27 15
28 7 15
28 24 3
29 24 5
2 30 19
3 30 9
4 30 10
6 30 6
7 30 6
9 30 11
11 30 15
12 30 16
13 30 7
16 30 18
18 30 7
21 30 1
13 31 6
31 23 6
22 32 6
32 12 6
9 33 16
33 18 16
19 34 11
34 9 11
28 35 6
35 8 6
2 36 13
36 28 13
16 37 13
37 2 13
20 38 15
38 4 15
6 39 9
39 2 9
21 40 15
40 2 15
20 41 19
41 2 19
14 42 3
42 2 3
3 43 20
43 2 20
8 44 15
44 3 15
6 45 15
45 4 15
25 46 3
46 6 3
13 47 16
47 6 16
26 48 15
48 6 15
21 49 1
49 6 1
26 50 19
50 8 19
16 51 20
51 8 20
10 52 3
52 8 3
23 53 11
53 9 11
17 54 19
54 9 19
20 55 1
55 10 1
11 56 12
56 10 12
25 57 18
57 10 18
22 58 1
58 11 1
13 59 5
59 12 5
14 60 17
60 13 17
16 61 5
61 13 5
18 62 14
62 13 14
22 63 3
63 13 3
28 64 20
64 14 20
27 65 8
65 14 8
16 66 14
66 15 14
28 67 13
67 16 13
25 68 8
68 16 8
23 69 6
69 16 6
19 70 2
70 16 2
26 71 8
71 16 8
25 72 19
72 18 19
21 73 14
73 19 14
24 74 16
74 20 16
22 75 7
75 21 7
28 76 2
76 25 2
26 77 13
77 25 13
0 78 78 78 78 78 78 78 78 78 78 78 78 78 78 78 78 78 54 78 68 78 78 78 78 78 78 78 78 78 
0 0 138 154 106 133 119 111 118 98 125 100 114 130 83 121 92 123 54 115 68 131 114 116 138 109 157 114 80 145 
0 54 0 54 54 54 54 54 54 54 54 54 54 54 54 54 54 54 54 54 54 54 54 54 54 54 54 54 54 63 
0 112 112 0 106 112 112 111 112 98 112 100 112 112 83 112 92 112 54 112 68 112 112 112 112 109 112 112 80 122 
0 20 20 20 0 20 20 20 20 20 20 20 20 20 20 20 20 20 20 20 20 20 20 20 20 20 20 20 20 20 
0 131 138 153 106 0 119 111 118 98 125 100 114 130 83 121 92 123 54 115 68 131 114 116 138 109 153 114 80 145 
0 20 20 20 20 20 0 20 20 20 20 20 20 20 20 20 20 20 20 20 20 20 20 20 20 20 20 20 20 26 
0 131 138 154 106 133 119 0 118 98 125 100 114 130 83 121 92 123 54 115 68 131 114 116 138 109 157 114 80 145 
0 131 138 154 106 133 119 111 0 98 125 100 114 130 83 121 92 123 54 115 68 131 114 116 138 109 157 114 80 145 
0 114 114 114 106 114 114 111 114 0 114 100 114 114 83 114 92 114 54 114 68 114 114 114 114 109 114 114 80 114 
0 23 23 23 23 23 23 23 23 23 0 23 23 23 23 23 23 23 23 23 23 23 23 23 23 23 23 23 23 38 
0 58 58 58 58 58 58 58 58 58 58 0 58 58 58 58 58 58 54 58 58 58 58 58 58 58 58 58 58 74 
0 131 138 154 106 133 119 111 118 98 125 100 0 130 83 121 92 123 54 115 68 131 114 116 138 109 157 114 80 145 
0 125 125 125 106 125 119 111 118 98 125 100 114 0 83 121 92 123 54 115 68 125 114 116 125 109 125 114 80 125 
0 23 23 23 23 23 23 23 23 23 23 23 23 23 0 23 23 23 23 23 23 23 23 23 23 23 23 23 23 23 
0 131 138 154 106 133 119 111 118 98 125 100 114 130 83 0 92 123 54 115 68 131 114 116 138 109 157 114 80 145 
0 85 85 85 85 85 85 85 85 85 85 85 85 85 83 85 0 85 54 85 68 85 85 85 85 85 85 85 80 85 
0 121 121 121 106 121 119 111 118 98 121 100 114 121 83 121 92 0 54 115 68 121 114 116 121 109 121 114 80 128 
0 131 138 154 106 133 119 111 118 98 125 100 114 130 83 121 92 123 0 115 68 131 114 116 138 109 157 114 80 145 
0 121 121 121 106 121 119 111 118 98 121 100 114 121 83 121 92 121 54 0 68 121 114 116 121 109 121 114 80 121 
0 131 138 154 106 133 119 111 118 98 125 100 114 130 83 121 92 123 54 115 0 131 114 116 138 109 157 114 80 145 
0 52 52 52 52 52 52 52 52 52 52 52 52 52 52 52 52 52 52 52 52 0 52 52 52 52 52 52 52 52 
0 58 58 58 58 58 58 58 58 58 58 58 58 58 58 58 58 58 54 58 58 58 0 58 58 58 58 58 58 58 
0 89 89 89 89 89 89 89 89 89 89 89 89 89 83 89 89 89 54 89 68 89 89 0 89 89 89 89 80 89 
0 131 138 154 106 133 119 111 118 98 125 100 114 130 83 121 92 123 54 115 68 131 114 116 0 109 157 114 80 145 
0 119 119 119 106 119 119 111 118 98 119 100 114 119 83 119 92 119 54 115 68 119 114 116 119 0 119 114 80 119 
0 34 34 34 34 34 34 34 34 34 34 34 34 34 34 34 34 34 34 34 34 34 34 34 34 34 0 34 34 34 
0 131 138 154 106 133 119 111 118 98 125 100 114 130 83 121 92 123 54 115 68 131 114 116 138 109 157 0 80 145 
0 25 25 25 25 25 25 25 25 25 25 25 25 25 25 25 25 25 25 25 25 25 25 25 25 25 25 25 0 25 
0 0 0 0 0 0 0 0 0 0 0 0 0 0 0 0 0 0 0 0 0 0 0 0 0 0 0 0 0 0 
0