85 355 30 0
1 8 20
8 7 20
7 3 20
3 26 20
26 17 20
17 6 20
6 15 20
15 27 20
27 11 20
11 14 20
14 24 20
24 28 20
28 20 20
20 9 20
9 4 20
4 13 20
13 25 20
25 2 20
2 21 20
21 22 20
5 19 20
19 12 20
12 16 20
16 29 20
29 18 20
18 10 20
10 23 20
14 30 20
1 21 4
1 12 18
1 2 8
1 19 8
1 24 13
1 29 9
1 22 17
1 27 7
1 10 18
1 15 4
2 18 9
2 27 6
2 22 15
2 9 13
2 26 11
3 10 5
3 18 15
3 28 19
3 4 1
3 20 10
3 9 3
4 10 13
4 8 6
5 8 19
5 29 5
5 22 5
5 20 14
5 11 15
5 14 11
5 3 6
5 16 8
5 23 19
5 7 18
6 27 6
6 14 11
6 23 11
6 25 4
6 21 4
6 2 15
6 29 8
6 11 15
6 18 17
6 13 19
6 9 9
6 19 4
6 8 7
6 10 12
6 5 12
6 26 13
6 3 7
7 21 16
7 12 16
8 9 11
8 24 4
8 17 1
8 11 10
8 25 13
8 22 13
8 26 12
8 21 18
8 13 17
8 16 18
8 2 1
8 12 11
8 18 5
8 27 19
8 29 6
8 28 7
8 14 9
9 21 12
9 23 17
9 18 14
9 7 16
9 5 10
9 22 11
9 17 10
9 15 15
9 27 15
9 24 11
9 28 1
9 12 8
9 10 11
10 16 16
10 12 7
10 5 14
10 11 9
10 14 8
10 28 9
10 22 4
10 2 16
10 17 4
10 7 18
10 25 3
10 20 19
11 7 2
11 16 11
11 24 6
11 22 3
11 4 7
11 21 4
11 15 3
11 29 7
11 9 14
11 18 11
11 19 12
11 3 10
11 20 17
11 25 11
11 28 4
11 2 9
11 26 15
12 22 2
12 5 9
12 21 7
12 4 12
12 17 3
13 15 6
13 24 9
13 7 15
13 11 8
13 22 1
13 3 1
13 27 19
13 26 1
13 19 12
13 23 5
13 12 8
14 20 9
14 26 13
14 28 15
14 22 6
14 7 6
14 15 11
15 17 10
15 16 20
15 7 6
15 23 12
15 25 11
15 24 8
15 3 18
15 12 12
15 21 14
15 18 4
15 10 9
15 4 9
15 26 3
15 29 6
16 28 20
16 9 14
17 18 20
17 2 19
17 7 4
17 11 17
17 27 2
18 14 14
18 13 6
18 28 7
19 15 13
19 21 7
20 4 6
20 26 12
20 8 15
20 17 7
20 27 15
20 12 17
20 19 2
20 15 16
20 25 9
21 16 15
21 29 20
21 3 5
21 24 20
21 23 16
21 5 13
21 13 10
21 27 5
21 4 12
21 14 2
21 18 14
22 23 18
22 18 15
23 26 2
23 29 6
23 17 9
24 19 17
24 17 10
24 7 4
24 26 19
25 4 5
25 23 15
25 27 2
25 12 20
25 5 13
25 28 20
25 3 14
25 17 16
25 7 18
25 19 1
27 14 1
27 26 19
27 23 5
27 7 3
27 18 20
27 10 2
27 24 10
27 5 5
27 16 1
27 28 2
27 12 15
27 19 11
28 13 12
28 4 10
28 17 17
28 26 20
28 21 1
3 30 2
4 30 11
6 31 16
31 17 16
14 32 12
32 11 12
9 33 17
33 20 17
13 34 3
34 4 3
25 35 13
35 13 13
2 36 4
36 25 4
19 37 10
37 5 10
12 38 15
38 19 15
10 39 10
39 18 10
23 40 15
40 10 15
27 41 5
41 2 5
9 42 18
42 2 18
10 43 1
43 3 1
18 44 9
44 3 9
28 45 5
45 3 5
9 46 19
46 3 19
8 47 11
47 4 11
22 48 20
48 5 20
14 49 20
49 5 20
27 50 13
50 6 13
14 51 9
51 6 9
23 52 3
52 6 3
11 53 1
53 6 1
9 54 6
54 6 6
19 55 10
55 6 10
10 56 1
56 6 1
21 57 18
57 7 18
21 58 9
58 8 9
27 59 14
59 8 14
21 60 13
60 9 13
17 61 8
61 9 8
15 62 9
62 9 9
10 63 2
63 9 2
12 64 13
64 10 13
11 65 19
65 10 19
17 66 6
66 10 6
25 67 8
67 10 8
24 68 3
68 11 3
22 69 2
69 11 2
21 70 19
70 11 19
19 71 5
71 11 5
20 72 7
72 11 7
21 73 13
73 12 13
15 74 4
74 13 4
15 75 7
75 14 7
25 76 13
76 15 13
21 77 6
77 15 6
28 78 10
78 16 10
28 79 11
79 18 11
21 80 1
80 19 1
27 81 1
81 20 1
25 82 1
82 20 1
24 83 4
83 21 4
27 84 18
84 21 18
28 85 14
85 27 14
0 111 115 96 126 63 126 90 116 126 126 126 101 83 107 119 123 126 103 108 126 97 126 101 75 126 126 124 87 33 
0 0 78 78 78 63 78 70 78 78 78 78 78 78 78 78 78 78 78 78 78 78 78 78 75 78 78 78 78 33 
0 73 0 73 73 63 73 70 73 73 73 73 73 73 73 73 73 73 73 73 73 73 73 73 73 73 73 73 73 33 
0 39 39 0 39 39 39 39 39 39 39 39 39 39 39 39 39 39 39 39 39 39 39 39 39 39 39 39 39 33 
0 103 115 96 0 63 140 70 116 133 140 140 101 83 103 119 123 140 95 108 125 80 138 88 75 140 123 124 78 33 
0 103 115 96 126 0 148 70 116 133 142 147 101 83 103 119 123 185 95 108 125 80 138 88 75 160 123 124 78 33 
0 52 52 52 52 52 0 52 52 52 52 52 52 52 52 52 52 52 52 52 52 52 52 52 52 52 52 52 52 33 
0 103 115 96 126 63 148 0 116 133 142 147 101 83 103 119 123 185 95 108 125 80 138 88 75 160 123 124 78 33 
0 103 115 96 126 63 148 70 0 133 142 147 101 83 103 119 123 185 95 108 125 80 138 88 75 160 123 124 78 33 
0 103 115 96 126 63 148 70 116 0 142 147 101 83 103 119 123 161 95 108 125 80 138 88 75 160 123 124 78 33 
0 103 115 96 126 63 148 70 116 133 0 147 101 83 103 119 123 185 95 108 125 80 138 88 75 160 123 124 78 33 
0 81 81 81 81 63 81 70 81 81 81 0 81 81 81 81 81 81 81 81 81 80 81 81 75 81 81 81 78 33 
0 103 108 96 108 63 108 70 108 108 108 108 0 83 103 108 108 108 95 108 108 80 108 88 75 108 108 108 78 33 
0 103 115 96 121 63 121 70 116 121 121 121 101 0 103 119 121 121 95 108 121 80 121 88 75 121 121 121 78 33 
0 103 115 96 126 63 148 70 116 133 142 147 101 83 0 119 123 182 95 108 125 80 138 88 75 160 123 124 78 33 
0 54 54 54 54 54 54 54 54 54 54 54 54 54 54 0 54 54 54 54 54 54 54 54 54 54 54 54 54 33 
0 96 96 96 96 63 96 70 96 96 96 96 96 83 96 96 0 96 95 96 96 80 96 88 75 96 96 96 78 33 
0 56 56 56 56 56 56 56 56 56 56 56 56 56 56 56 56 0 56 56 56 56 56 56 56 56 56 56 56 33 
0 65 65 65 65 63 65 65 65 65 65 65 65 65 65 65 65 65 0 65 65 65 65 65 65 65 65 65 65 33 
0 103 115 96 126 63 126 70 116 126 126 126 101 83 103 119 123 126 95 0 125 80 126 88 75 126 123 124 78 33 
0 103 115 96 126 63 148 70 116 133 142 147 101 83 103 119 123 185 95 108 0 80 138 88 75 160 123 124 78 33 
0 55 55 55 55 55 55 55 55 55 55 55 55 55 55 55 55 55 55 55 55 0 55 55 55 55 55 55 55 33 
0 35 35 35 35 35 35 35 35 35 35 35 35 35 35 35 35 35 35 35 35 35 0 35 35 35 35 35 35 33 
0 77 77 77 77 63 77 70 77 77 77 77 77 77 77 77 77 77 77 77 77 77 77 0 75 77 77 77 77 33 
0 103 115 96 126 63 148 70 116 133 142 147 101 83 103 119 123 179 95 108 125 80 138 88 0 160 123 124 78 33 
0 20 20 20 20 20 20 20 20 20 20 20 20 20 20 20 20 20 20 20 20 20 20 20 20 0 20 20 20 20 
0 103 115 96 126 63 148 70 116 133 142 147 101 83 103 119 123 165 95 108 125 80 138 88 75 160 0 124 78 33 
0 103 115 96 120 63 120 70 116 120 120 120 101 83 103 119 120 120 95 108 120 80 120 88 75 120 120 0 78 33 
0 20 20 20 20 20 20 20 20 20 20 20 20 20 20 20 20 20 20 20 20 20 20 20 20 20 20 20 0 20 
0 0 0 0 0 0 0 0 0 0 0 0 0 0 0 0 0 0 0 0 0 0 0 0 0 0 0 0 0 0 
0