68 338 30 0
1 27 20
27 6 20
6 28 20
28 5 20
5 19 20
19 4 20
4 12 20
12 26 20
26 15 20
15 10 20
10 25 20
25 17 20
17 2 20
2 24 20
24 29 20
29 13 20
13 8 20
8 9 20
9 22 20
22 23 20
23 20 20
20 14 20
14 18 20
18 3 20
3 21 20
21 11 20
11 16 20
16 7 20
8 30 20
1 28 18
1 7 20
1 23 17
1 9 9
1 24 7
1 26 6
1 3 3
1 13 5
1 10 8
1 14 4
1 25 1
1 17 12
1 19 20
1 22 8
1 5 11
1 12 6
1 29 15
1 15 14
1 2 19
1 30 13
2 6 7
2 28 19
2 7 20
2 5 11
2 19 12
2 26 9
2 13 12
3 28 18
3 5 2
3 12 4
3 4 20
3 14 6
3 15 6
3 8 8
3 10 9
3 24 2
3 25 3
4 25 17
4 29 7
4 27 11
4 7 10
4 18 3
4 15 17
4 8 9
4 24 13
4 23 11
4 16 4
4 14 1
4 2 7
5 26 17
5 6 5
5 25 12
5 12 1
5 18 6
5 20 5
5 21 2
5 23 16
5 4 15
5 17 10
5 14 3
5 27 17
5 22 16
5 10 12
6 13 9
6 11 17
6 23 11
6 29 15
6 25 14
6 20 19
6 3 16
6 22 19
6 17 12
7 8 18
7 11 15
7 5 12
7 26 5
7 21 16
7 27 18
7 12 8
7 25 13
7 28 18
7 9 19
7 22 10
7 10 15
7 24 1
7 15 12
8 27 4
8 19 11
8 16 6
8 28 18
9 17 8
9 12 18
9 3 3
9 16 13
9 5 20
9 23 4
9 14 10
9 27 10
9 10 7
9 2 12
9 11 6
9 15 19
10 23 13
10 26 11
10 13 14
10 8 6
10 24 10
11 23 3
11 20 10
11 4 11
11 17 7
11 25 12
11 12 15
11 3 4
11 18 17
11 13 17
11 19 6
12 6 9
12 25 11
12 13 13
12 28 19
12 16 11
13 23 1
13 14 20
13 3 4
13 17 14
13 25 9
13 28 9
13 22 19
13 7 14
13 4 2
13 5 11
13 19 2
13 16 6
14 21 15
14 19 2
14 26 13
14 24 6
14 29 8
14 6 3
14 25 20
14 15 6
14 16 3
14 10 17
14 12 10
14 27 8
14 22 8
15 5 19
15 24 14
15 18 6
15 12 12
15 22 5
15 17 7
15 11 4
15 19 13
15 27 10
15 28 1
15 16 10
16 6 12
17 7 1
17 10 12
17 3 8
18 12 1
18 17 15
19 22 11
19 27 12
19 28 12
19 23 6
19 16 19
19 25 5
20 28 2
20 17 15
20 29 17
20 22 7
20 21 10
20 25 3
20 9 4
20 16 6
20 13 16
20 12 2
20 18 8
20 2 17
20 4 2
20 8 20
20 7 19
20 15 4
21 18 9
23 14 9
23 17 16
23 26 15
23 12 3
23 29 5
23 27 16
23 16 16
23 2 17
24 27 17
25 24 13
26 29 8
26 22 4
26 9 16
26 25 18
26 24 1
26 11 5
28 22 12
28 18 3
28 27 13
28 17 9
28 9 5
28 16 3
28 23 16
28 4 20
28 29 17
29 8 19
29 3 8
29 10 14
29 19 9
29 9 19
29 11 18
29 22 15
29 2 10
29 12 1
29 16 7
4 30 10
6 30 7
7 30 12
11 30 12
12 30 17
13 30 18
14 30 4
15 30 1
16 30 10
17 30 4
18 30 4
6 31 20
31 27 20
4 32 10
32 19 10
17 33 8
33 25 8
13 34 17
34 29 17
9 35 4
35 8 4
14 36 4
36 20 4
3 37 4
37 18 4
16 38 15
38 11 15
7 39 11
39 16 11
6 40 7
40 2 7
28 41 17
41 2 17
7 42 6
42 2 6
5 43 12
43 2 12
26 44 12
44 2 12
13 45 1
45 2 1
5 46 20
46 3 20
14 47 19
47 3 19
24 48 19
48 3 19
29 49 4
49 4 4
15 50 13
50 4 13
14 51 12
51 4 12
10 52 17
52 5 17
11 53 1
53 6 1
17 54 5
54 6 5
28 55 19
55 8 19
14 56 8
56 9 8
11 57 16
57 9 16
15 58 11
58 9 11
23 59 6
59 10 6
13 60 6
60 10 6
13 61 7
61 11 7
13 62 18
62 12 18
28 63 7
63 12 7
14 64 5
64 13 5
29 65 6
65 14 6
28 66 11
66 15 11
23 67 17
67 19 17
29 68 11
68 28 11
0 157 124 119 123 62 104 123 127 126 107 126 111 79 109 135 145 76 122 58 63 154 118 87 166 96 176 165 129 132 
0 0 110 110 110 62 84 110 110 110 107 110 106 75 95 110 110 76 102 58 63 110 101 80 110 90 110 110 110 110 
0 102 0 102 102 62 84 102 102 102 102 102 102 75 95 102 102 76 102 58 63 102 101 80 102 90 102 102 102 102 
0 138 121 0 112 62 84 123 118 118 107 120 106 75 95 135 133 76 102 58 63 140 101 80 140 90 140 140 114 119 
0 138 121 119 0 62 84 123 118 118 107 120 106 75 95 135 133 76 102 58 63 146 101 80 165 90 156 147 114 119 
0 138 121 119 112 0 84 123 118 118 107 120 106 75 95 135 133 76 102 58 63 146 101 80 159 90 156 147 114 119 
0 138 121 119 112 62 0 123 118 118 107 120 106 75 95 135 133 76 102 58 63 146 101 80 165 90 156 147 114 119 
0 59 59 59 59 59 59 0 59 59 59 59 59 59 59 59 59 59 59 58 59 59 59 59 59 59 59 59 59 79 
0 138 121 119 112 62 84 123 0 118 107 120 106 75 95 135 133 76 102 58 63 146 101 80 154 90 154 147 114 119 
0 91 91 91 91 62 84 91 91 0 91 91 91 75 91 91 91 76 91 58 63 91 91 80 91 90 91 91 91 91 
0 138 121 119 112 62 84 123 118 118 0 120 106 75 95 135 133 76 102 58 63 139 101 80 139 90 139 139 114 119 
0 83 83 83 83 62 83 83 83 83 83 0 83 75 83 83 83 76 83 58 63 83 83 80 83 83 83 83 83 100 
0 138 121 119 112 62 84 123 118 118 107 120 0 75 95 135 133 76 102 58 63 146 101 80 165 90 156 147 114 119 
0 138 121 119 112 62 84 123 118 118 107 120 106 0 95 135 133 76 102 58 63 146 101 80 165 90 156 147 114 119 
0 138 121 119 112 62 84 123 118 118 107 120 106 75 0 135 133 76 102 58 63 145 101 80 145 90 145 145 114 119 
0 47 47 47 47 47 47 47 47 47 47 47 47 47 47 0 47 47 47 47 47 47 47 47 47 47 47 47 47 57 
0 54 54 54 54 54 54 54 54 54 54 54 54 54 54 54 0 54 54 54 54 54 54 54 54 54 54 54 54 58 
0 36 36 36 36 36 36 36 36 36 36 36 36 36 36 36 36 0 36 36 36 36 36 36 36 36 36 36 36 40 
0 85 85 85 85 62 84 85 85 85 85 85 85 75 85 85 85 76 0 58 63 85 85 80 85 85 85 85 85 85 
0 138 121 119 112 62 84 123 118 118 107 120 106 75 95 135 133 76 102 0 63 146 101 80 165 90 156 147 114 119 
0 29 29 29 29 29 29 29 29 29 29 29 29 29 29 29 29 29 29 29 0 29 29 29 29 29 29 29 29 29 
0 20 20 20 20 20 20 20 20 20 20 20 20 20 20 20 20 20 20 20 20 0 20 20 20 20 20 20 20 20 
0 138 121 119 112 62 84 123 118 118 107 120 106 75 95 135 133 76 102 58 63 140 0 80 140 90 140 140 114 119 
0 56 56 56 56 56 56 56 56 56 56 56 56 56 56 56 56 56 56 56 56 56 56 0 56 56 56 56 56 56 
0 33 33 33 33 33 33 33 33 33 33 33 33 33 33 33 33 33 33 33 33 33 33 33 0 33 33 33 33 33 
0 84 84 84 84 62 84 84 84 84 84 84 84 75 84 84 84 76 84 58 63 84 84 80 84 0 84 84 84 84 
0 20 20 20 20 20 20 20 20 20 20 20 20 20 20 20 20 20 20 20 20 20 20 20 20 20 0 20 20 20 
0 138 121 119 112 62 84 123 118 118 107 120 106 75 95 135 133 76 102 58 63 146 101 80 165 90 156 0 114 119 
0 138 121 119 112 62 84 123 118 118 107 120 106 75 95 135 133 76 102 58 63 146 101 80 161 90 156 147 0 119 
0 0 0 0 0 0 0 0 0 0 0 0 0 0 0 0 0 0 0 0 0 0 0 0 0 0 0 0 0 0 
0