80 350 30 0
1 2 20
2 8 20
8 17 20
17 24 20
24 19 20
19 10 20
10 16 20
16 7 20
7 4 20
4 5 20
5 11 20
11 23 20
23 28 20
28 26 20
26 27 20
27 9 20
9 20 20
20 18 20
18 6 20
6 29 20
29 22 20
22 21 20
21 3 20
3 14 20
14 13 20
13 12 20
12 25 20
25 15 20
5 30 20
1 20 8
1 12 6
1 3 1
1 11 9
1 25 18
1 28 20
1 21 4
1 16 9
1 14 13
1 10 6
1 18 4
1 4 12
1 8 3
1 22 19
1 7 4
1 24 14
1 27 14
1 29 7
2 3 18
2 24 13
2 21 3
2 26 20
2 7 17
2 19 19
2 17 15
2 27 20
2 6 7
2 16 8
2 25 4
2 29 3
2 15 7
4 25 3
4 22 15
4 2 8
4 17 14
4 6 17
4 19 9
4 16 1
4 11 4
4 26 7
4 27 6
4 12 20
4 28 10
4 20 7
5 10 3
5 8 3
5 27 13
5 25 14
5 22 18
5 13 5
5 3 6
5 17 7
5 9 6
5 15 11
5 6 13
5 12 19
5 28 3
5 23 19
5 26 15
6 8 2
6 10 20
6 22 7
6 16 7
6 20 2
6 23 13
6 9 5
7 25 13
7 11 8
7 6 12
7 26 6
7 5 11
7 17 18
7 8 11
7 21 6
7 13 18
7 19 16
7 15 13
7 23 15
7 27 12
7 9 4
7 24 8
8 21 17
8 20 6
9 29 18
9 11 3
9 28 10
9 19 15
9 8 2
9 23 12
9 12 1
9 10 6
9 24 2
9 17 5
9 26 7
9 16 5
9 13 19
9 15 3
10 12 1
10 11 1
10 23 4
10 4 4
10 24 10
10 25 6
10 15 17
10 3 17
10 14 14
10 13 9
10 26 1
11 25 5
11 21 18
11 3 20
13 28 18
13 8 16
13 27 1
13 29 2
13 17 4
13 21 15
13 2 18
13 19 18
13 6 2
13 11 7
13 18 3
13 3 14
13 25 1
13 22 18
14 20 6
14 19 17
14 2 5
14 26 7
15 29 13
15 20 15
15 28 14
15 17 6
16 15 11
16 19 15
16 5 8
16 20 16
16 21 8
16 26 4
16 18 1
16 23 1
16 17 14
16 3 18
16 27 2
16 25 6
16 11 10
16 13 19
16 28 11
17 22 12
17 27 1
18 11 8
18 2 7
18 8 18
18 24 20
18 3 9
18 10 14
18 17 6
19 20 17
19 27 4
19 5 15
19 28 17
20 26 3
20 28 7
20 5 3
20 17 16
20 21 16
20 29 15
20 24 8
20 23 20
20 12 11
20 3 18
21 28 8
21 5 9
21 6 19
21 10 6
21 9 4
21 4 17
21 18 12
21 17 1
22 19 4
22 12 4
22 20 5
22 23 14
22 15 7
22 10 12
22 28 12
22 3 12
22 2 5
22 14 11
22 18 19
22 25 2
22 7 9
22 16 15
23 14 13
23 21 15
23 24 16
24 29 2
24 14 7
24 13 1
24 11 11
24 4 3
24 27 4
24 16 17
25 24 16
25 20 20
25 9 20
25 26 18
25 14 17
25 17 5
25 19 14
25 8 3
29 28 2
7 30 17
9 30 5
10 30 1
11 30 6
13 30 6
14 30 10
16 30 20
17 30 11
19 30 15
17 31 14
31 8 14
24 32 18
32 17 18
10 33 10
33 19 10
16 34 11
34 10 11
4 35 11
35 7 11
23 36 1
36 11 1
20 37 16
37 9 16
18 38 4
38 20 4
22 39 5
39 29 5
21 40 4
40 22 4
25 41 15
41 12 15
24 42 11
42 2 11
7 43 17
43 2 17
19 44 15
44 2 15
6 45 18
45 2 18
16 46 5
46 2 5
25 47 16
47 2 16
22 48 11
48 4 11
19 49 6
49 4 6
16 50 3
50 4 3
20 51 11
51 4 11
25 52 12
52 5 12
13 53 8
53 5 8
6 54 3
54 5 3
22 55 15
55 6 15
20 56 13
56 6 13
23 57 18
57 6 18
9 58 13
58 6 13
25 59 2
59 7 2
13 60 6
60 7 6
19 61 5
61 7 5
24 62 17
62 7 17
21 63 1
63 8 1
10 64 3
64 9 3
13 65 9
65 10 9
25 66 2
66 11 2
21 67 19
67 13 19
19 68 10
68 13 10
18 69 1
69 13 1
22 70 5
70 13 5
20 71 18
71 14 18
19 72 18
72 14 18
20 73 14
73 15 14
19 74 16
74 16 16
18 75 1
75 16 1
25 76 11
76 16 11
24 77 12
77 18 12
21 78 17
78 20 17
24 79 4
79 20 4
25 80 20
80 22 20
0 145 153 87 89 149 91 93 78 107 84 97 126 131 103 110 149 71 157 147 122 133 118 127 92 108 97 152 85 111 
0 0 152 75 89 149 87 90 78 101 75 91 126 118 103 101 149 67 154 139 118 114 118 113 74 108 83 132 78 111 
0 20 0 20 20 20 20 20 20 20 20 20 20 20 20 20 20 20 20 20 20 20 20 20 20 20 20 20 20 20 
0 125 149 0 89 149 87 90 78 101 75 91 126 118 103 101 149 67 149 139 118 114 118 113 74 108 83 132 78 111 
0 125 152 75 0 149 87 90 78 101 75 91 126 118 103 101 149 67 157 139 118 114 118 113 74 108 83 132 78 111 
0 97 97 75 89 0 87 90 78 97 75 91 97 97 97 97 97 67 97 97 97 97 97 97 74 97 83 97 78 97 
0 125 152 75 89 149 0 90 78 101 75 91 126 118 103 101 149 67 157 139 118 114 118 113 74 108 83 132 78 111 
0 43 43 43 43 43 43 0 43 43 43 43 43 43 43 43 43 43 43 43 43 43 43 43 43 43 43 43 43 43 
0 124 124 75 89 124 87 90 0 101 75 91 124 118 103 101 124 67 124 124 118 114 118 113 74 108 83 132 78 111 
0 117 117 75 89 117 87 90 78 0 75 91 117 117 103 101 117 67 117 117 117 114 117 113 74 108 83 117 78 111 
0 63 63 63 63 63 63 63 63 63 0 63 63 63 63 63 63 63 63 63 63 63 63 63 63 63 63 63 63 69 
0 20 20 20 20 20 20 20 20 20 20 0 20 20 20 20 20 20 20 20 20 20 20 20 20 20 20 20 20 20 
0 125 152 75 89 149 87 90 78 101 75 91 0 118 103 101 149 67 157 139 118 114 118 113 74 108 83 132 78 111 
0 55 55 55 55 55 55 55 55 55 55 55 55 0 55 55 55 55 55 55 55 55 55 55 55 55 55 55 55 65 
0 48 48 48 48 48 48 48 48 48 48 48 48 48 0 48 48 48 48 48 48 48 48 48 48 48 48 48 48 48 
0 125 152 75 89 149 87 90 78 101 75 91 126 118 103 0 149 67 157 139 118 114 118 113 74 108 83 132 78 111 
0 47 47 47 47 47 47 47 47 47 47 47 47 47 47 47 0 47 47 47 47 47 47 47 47 47 47 47 47 58 
0 108 108 75 89 108 87 90 78 101 75 91 108 108 103 101 108 0 108 108 108 108 108 108 74 108 83 108 78 108 
0 125 142 75 89 142 87 90 78 101 75 91 126 118 103 101 142 67 0 139 118 114 118 113 74 108 83 132 78 111 
0 125 152 75 89 149 87 90 78 101 75 91 126 118 103 101 149 67 157 0 118 114 118 113 74 108 83 132 78 111 
0 125 137 75 89 137 87 90 78 101 75 91 126 118 103 101 137 67 137 137 0 114 118 113 74 108 83 132 78 111 
0 125 152 75 89 149 87 90 78 101 75 91 126 118 103 101 149 67 157 139 118 0 118 113 74 108 83 132 78 111 
0 83 83 75 83 83 83 83 78 83 75 83 83 83 83 83 83 67 83 83 83 83 0 83 74 83 83 83 78 83 
0 125 127 75 89 127 87 90 78 101 75 91 126 118 103 101 127 67 127 127 118 114 118 0 74 108 83 127 78 111 
0 125 152 75 89 149 87 90 78 101 75 91 126 118 103 101 149 67 157 139 118 114 118 113 0 108 83 132 78 111 
0 20 20 20 20 20 20 20 20 20 20 20 20 20 20 20 20 20 20 20 20 20 20 20 20 0 20 20 20 20 
0 20 20 20 20 20 20 20 20 20 20 20 20 20 20 20 20 20 20 20 20 20 20 20 20 20 0 20 20 20 
0 20 20 20 20 20 20 20 20 20 20 20 20 20 20 20 20 20 20 20 20 20 20 20 20 20 20 0 20 20 
0 22 22 22 22 22 22 22 22 22 22 22 22 22 22 22 22 22 22 22 22 22 22 22 22 22 22 22 0 22 
0 0 0 0 0 0 0 0 0 0 0 0 0 0 0 0 0 0 0 0 0 0 0 0 0 0 0 0 0 0 
0