75 345 30 0
1 22 20
22 28 20
28 4 20
4 14 20
14 24 20
24 11 20
11 26 20
26 19 20
19 23 20
23 7 20
7 10 20
10 2 20
2 17 20
17 20 20
20 16 20
16 13 20
13 5 20
5 29 20
29 12 20
12 6 20
6 15 20
15 18 20
18 3 20
3 27 20
27 25 20
25 8 20
8 9 20
9 21 20
6 30 20
1 26 8
1 29 17
1 19 8
1 18 13
1 9 20
1 7 10
1 14 20
1 23 12
1 10 10
1 2 5
1 20 4
1 8 1
1 16 15
1 25 2
1 13 16
1 24 14
1 5 6
1 27 19
2 3 8
2 22 1
3 24 18
3 12 7
3 23 17
3 4 12
3 7 6
4 17 5
4 13 20
4 6 13
4 19 11
4 25 1
4 22 10
4 8 9
5 3 4
5 17 17
5 16 14
5 7 17
5 11 10
6 22 5
6 5 8
6 2 9
6 19 11
6 21 19
7 27 7
7 11 16
7 29 5
7 13 1
7 8 18
7 21 5
7 12 20
7 18 9
7 17 5
7 6 13
7 19 2
7 20 13
7 24 11
7 25 3
7 9 9
8 16 8
8 15 8
8 11 11
8 19 3
8 17 2
8 20 3
8 6 7
8 29 14
8 24 3
8 28 15
8 23 15
8 27 20
9 15 13
9 27 8
9 3 2
9 18 12
9 29 6
10 17 13
10 8 9
10 4 20
10 16 11
10 28 17
10 5 9
11 13 13
11 2 19
11 22 3
11 10 9
11 3 1
11 19 15
12 13 12
12 11 11
14 6 16
14 18 8
14 8 6
14 29 14
14 27 5
14 23 2
14 20 10
14 17 13
14 19 8
14 28 10
14 10 7
14 13 7
15 12 14
15 28 3
15 23 1
15 2 18
15 26 7
15 29 20
15 5 3
15 4 17
15 20 13
15 24 1
15 11 16
15 22 4
16 4 19
16 17 20
16 6 19
16 25 10
16 12 10
16 26 1
16 14 18
16 21 9
16 9 14
16 23 9
16 29 8
17 24 5
17 19 4
18 26 11
18 20 7
18 28 4
18 12 1
18 8 17
18 13 5
18 24 6
18 16 1
18 23 15
18 5 13
18 29 2
19 22 9
19 5 8
19 20 19
19 18 18
19 2 8
19 27 6
19 29 4
21 29 5
21 5 14
21 27 9
21 3 1
21 23 2
21 18 15
21 2 16
21 20 18
21 12 19
21 8 15
21 25 10
22 23 1
22 13 7
22 20 12
23 12 17
23 6 10
24 25 7
25 28 12
25 2 11
25 14 3
25 10 18
25 19 5
25 15 1
26 21 13
26 2 13
26 3 2
26 5 2
26 22 5
26 13 8
26 17 9
26 14 1
26 4 13
26 12 16
26 9 12
26 25 8
26 28 6
26 7 14
27 22 9
27 24 9
27 17 17
27 16 2
27 6 6
27 2 11
27 13 2
27 10 11
27 26 11
27 29 1
28 20 17
28 27 12
28 2 6
28 24 20
28 21 13
28 11 8
28 19 12
28 3 14
28 13 20
28 5 19
28 16 18
29 20 11
29 6 1
29 10 16
29 28 2
29 17 8
29 23 19
29 2 16
29 25 10
29 24 3
29 13 2
7 30 20
8 30 16
9 30 3
11 30 10
12 30 3
13 30 17
14 30 16
15 30 8
16 30 15
17 30 9
21 30 2
22 30 12
23 30 17
24 30 6
27 30 15
28 31 17
31 22 17
4 32 9
32 28 9
23 33 20
33 19 20
7 34 20
34 23 20
10 35 1
35 7 1
29 36 15
36 5 15
18 37 7
37 15 7
27 38 14
38 3 14
8 39 19
39 25 19
4 40 7
40 3 7
19 41 18
41 4 18
22 42 4
42 4 4
8 43 6
43 4 6
17 44 10
44 5 10
16 45 1
45 5 1
7 46 20
46 5 20
21 47 16
47 6 16
27 48 14
48 7 14
29 49 12
49 7 12
17 50 6
50 7 6
25 51 7
51 7 7
15 52 1
52 8 1
19 53 8
53 8 8
29 54 20
54 8 20
27 55 9
55 8 9
29 56 10
56 9 10
16 57 20
57 10 20
28 58 12
58 10 12
18 59 10
59 14 10
27 60 5
60 14 5
28 61 19
61 14 19
26 62 15
62 15 15
29 63 17
63 15 17
17 64 11
64 16 11
26 65 20
65 16 20
24 66 15
66 17 15
19 67 17
67 17 17
26 68 5
68 18 5
28 69 6
69 18 6
22 70 6
70 19 6
29 71 3
71 19 3
25 72 6
72 21 6
28 73 4
73 25 4
28 74 18
74 26 18
29 75 4
75 27 4
0 152 73 129 148 121 107 133 85 123 92 124 133 96 81 120 161 106 128 147 85 83 133 110 94 76 110 98 116 189 
0 0 29 29 29 29 29 29 29 29 29 29 29 29 29 29 29 29 29 29 29 29 29 29 29 29 29 29 29 29 
0 80 0 80 80 80 80 80 65 80 80 80 80 76 80 80 80 80 80 80 80 63 80 80 80 68 80 80 80 80 
0 105 73 0 105 105 97 105 65 105 92 105 105 76 81 105 105 93 105 105 85 63 105 96 92 68 91 98 99 105 
0 82 73 82 0 82 82 82 65 82 82 82 82 76 81 82 82 82 82 82 82 63 82 82 82 68 82 82 82 82 
0 72 72 72 72 0 72 72 65 72 72 72 72 72 72 72 72 72 72 72 72 63 72 72 72 68 72 72 72 92 
0 147 73 129 142 121 0 132 65 113 92 124 117 76 81 105 161 93 120 143 85 63 121 96 92 68 91 98 99 189 
0 147 73 129 142 121 97 0 65 113 92 124 117 76 81 105 154 93 120 143 85 63 121 96 92 68 91 98 99 170 
0 61 61 61 61 61 61 61 0 61 61 61 61 61 61 61 61 61 61 61 61 61 61 61 61 61 61 61 61 64 
0 100 73 100 100 100 97 100 65 0 92 100 100 76 81 100 100 93 100 100 85 63 100 96 92 68 91 98 99 100 
0 80 73 80 80 80 80 80 65 80 0 80 80 76 80 80 80 80 80 80 80 63 80 80 80 68 80 80 80 90 
0 43 43 43 43 43 43 43 43 43 43 0 43 43 43 43 43 43 43 43 43 43 43 43 43 43 43 43 43 46 
0 20 20 20 20 20 20 20 20 20 20 20 0 20 20 20 20 20 20 20 20 20 20 20 20 20 20 20 20 37 
0 126 73 126 126 121 97 126 65 113 92 124 117 0 81 105 126 93 120 126 85 63 121 96 92 68 91 98 99 142 
0 138 73 129 138 121 97 132 65 113 92 124 117 76 0 105 138 93 120 138 85 63 121 96 92 68 91 98 99 146 
0 147 73 129 142 121 97 132 65 113 92 124 117 76 81 0 161 93 120 143 85 63 121 96 92 68 91 98 99 189 
0 56 56 56 56 56 56 56 56 56 56 56 56 56 56 56 0 56 56 56 56 56 56 56 56 56 56 56 56 65 
0 119 73 119 119 119 97 119 65 113 92 119 117 76 81 105 119 0 119 119 85 63 119 96 92 68 91 98 99 119 
0 135 73 129 135 121 97 132 65 113 92 124 117 76 81 105 135 93 0 135 85 63 121 96 92 68 91 98 99 135 
0 20 20 20 20 20 20 20 20 20 20 20 20 20 20 20 20 20 20 0 20 20 20 20 20 20 20 20 20 20 
0 140 73 129 140 121 97 132 65 113 92 124 117 76 81 105 140 93 120 140 0 63 121 96 92 68 91 98 99 142 
0 50 50 50 50 50 50 50 50 50 50 50 50 50 50 50 50 50 50 50 50 0 50 50 50 50 50 50 50 62 
0 67 67 67 67 67 67 67 65 67 67 67 67 67 67 67 67 67 67 67 67 63 0 67 67 67 67 67 67 84 
0 42 42 42 42 42 42 42 42 42 42 42 42 42 42 42 42 42 42 42 42 42 42 0 42 42 42 42 42 48 
0 83 73 83 83 83 83 83 65 83 83 83 83 76 81 83 83 83 83 83 83 63 83 83 0 68 83 83 83 83 
0 147 73 129 142 121 97 132 65 113 92 124 117 76 81 105 161 93 120 143 85 63 121 96 92 0 91 98 99 182 
0 141 73 129 141 121 97 132 65 113 92 124 117 76 81 105 141 93 120 141 85 63 121 96 92 68 0 98 99 156 
0 147 73 129 142 121 97 132 65 113 92 124 117 76 81 105 161 93 120 143 85 63 121 96 92 68 91 0 99 189 
0 147 73 129 142 121 97 132 65 113 92 124 117 76 81 105 161 93 120 143 85 63 121 96 92 68 91 98 0 189 
0 0 0 0 0 0 0 0 0 0 0 0 0 0 0 0 0 0 0 0 0 0 0 0 0 0 0 0 0 0 
0