85 355 30 0
1 8 20
8 7 20
7 4 20
4 25 20
25 21 20
21 14 20
14 17 20
17 3 20
3 19 20
19 10 20
10 24 20
24 16 20
16 15 20
15 26 20
26 2 20
2 29 20
29 6 20
6 13 20
13 28 20
28 5 20
5 27 20
27 12 20
12 22 20
22 9 20
9 23 20
23 11 20
11 18 20
18 20 20
23 30 20
1 4 16
1 17 17
1 19 12
1 22 10
1 23 3
1 10 3
2 17 10
2 14 19
3 16 3
3 24 12
3 15 11
4 14 4
4 2 4
4 6 10
4 9 9
4 23 17
4 17 14
4 20 4
4 12 4
4 8 5
4 19 17
4 28 17
5 3 16
5 10 8
5 22 17
5 26 12
5 24 4
5 17 17
5 13 17
5 14 3
5 18 20
5 9 10
5 4 9
5 7 12
5 25 15
6 7 14
6 3 13
6 12 5
7 9 6
7 24 7
7 12 10
7 28 8
7 22 12
7 3 2
7 10 9
8 25 9
8 19 10
8 10 20
8 26 12
8 11 8
8 16 3
8 18 11
8 20 2
8 17 18
8 2 7
8 12 1
8 9 20
8 28 6
9 2 18
9 20 17
9 26 14
9 14 5
9 29 7
9 17 19
9 16 9
9 12 1
9 13 19
9 15 2
10 9 16
10 16 9
10 4 7
10 11 7
10 29 7
10 15 9
10 28 15
10 2 8
10 13 10
10 17 15
11 6 7
11 14 15
11 28 16
11 7 16
11 12 11
11 3 9
11 15 5
11 9 16
11 29 10
11 19 4
11 4 20
11 27 1
12 25 9
12 15 2
12 18 2
12 20 3
12 17 19
12 21 6
12 13 8
12 3 14
12 23 7
13 4 13
13 26 15
13 19 11
13 21 13
13 24 19
13 23 3
13 15 6
13 3 13
13 14 17
13 17 18
14 28 7
14 16 4
14 22 7
14 3 19
14 15 17
15 18 17
15 6 3
15 23 16
15 2 3
15 20 8
15 25 8
15 7 13
15 28 10
15 21 6
15 8 7
16 20 6
16 23 20
16 17 17
16 13 18
16 19 8
17 19 17
17 20 5
17 25 6
17 6 17
17 7 12
17 18 13
17 26 4
17 29 16
17 22 10
17 11 15
17 27 4
18 28 6
18 2 20
18 22 13
18 26 10
19 21 17
19 12 6
19 26 19
19 24 10
19 22 7
19 20 15
19 29 7
19 6 1
19 27 17
19 25 7
19 9 10
19 23 16
19 28 3
19 5 15
19 14 17
20 24 18
20 21 6
21 11 8
21 2 3
21 16 17
21 7 5
21 5 13
21 3 20
21 4 15
21 8 10
21 22 17
21 28 3
21 9 7
21 26 11
21 6 14
21 18 12
22 28 17
22 11 8
22 26 11
22 24 20
22 20 19
22 27 9
22 13 12
22 10 15
22 29 15
22 4 18
22 8 14
22 6 10
22 2 4
23 10 16
23 20 2
23 14 12
23 27 10
23 21 8
23 28 9
23 8 20
23 5 7
23 2 12
23 3 14
23 26 16
23 25 7
23 22 11
23 7 18
24 23 18
27 3 13
3 30 16
4 30 1
9 30 18
16 30 15
17 30 20
18 30 2
20 30 13
24 30 12
25 30 1
27 30 2
28 30 4
29 30 5
7 31 1
31 8 1
21 32 5
32 25 5
14 33 7
33 21 7
3 34 19
34 17 19
19 35 4
35 3 4
13 36 13
36 6 13
5 37 20
37 28 20
12 38 9
38 27 9
22 39 12
39 12 12
9 40 13
40 22 13
23 41 5
41 9 5
11 42 7
42 23 7
20 43 18
43 18 18
16 44 9
44 3 9
15 45 11
45 3 11
9 46 3
46 4 3
23 47 14
47 4 14
10 48 5
48 5 5
22 49 9
49 5 9
17 50 6
50 5 6
13 51 19
51 5 19
7 52 14
52 5 14
7 53 19
53 6 19
12 54 13
54 6 13
9 55 15
55 7 15
12 56 1
56 7 1
10 57 10
57 7 10
10 58 15
58 8 15
11 59 15
59 8 15
18 60 5
60 8 5
12 61 20
61 8 20
9 62 20
62 8 20
13 63 6
63 10 6
17 64 8
64 10 8
12 65 6
65 11 6
15 66 9
66 11 9
19 67 14
67 11 14
21 68 7
68 12 7
13 69 15
69 12 15
23 70 14
70 13 14
15 71 12
71 13 12
14 72 7
72 13 7
17 73 18
73 13 18
16 74 6
74 14 6
22 75 1
75 14 1
15 76 2
76 14 2
18 77 17
77 15 17
21 78 9
78 15 9
17 79 20
79 16 20
19 80 7
80 16 7
22 81 11
81 17 11
21 82 14
82 19 14
22 83 13
83 19 13
21 84 9
84 20 9
22 85 9
85 21 9
0 81 81 81 81 81 81 81 81 81 81 81 81 81 81 81 81 81 81 81 81 81 81 81 81 81 70 81 81 81 
0 0 49 49 49 49 49 49 49 49 49 49 49 49 49 49 49 49 49 49 49 49 49 49 49 49 49 49 49 49 
0 65 0 65 65 65 65 65 65 65 65 65 65 65 65 65 65 65 65 65 65 65 65 65 65 65 65 65 65 81 
0 99 125 0 108 125 125 125 119 102 95 92 125 121 98 92 125 113 114 110 92 125 124 110 86 125 70 125 82 126 
0 99 177 119 0 127 136 132 119 102 95 92 155 121 98 92 180 113 114 110 92 127 124 110 86 144 70 157 82 129 
0 52 52 52 52 0 52 52 52 52 52 52 52 52 52 52 52 52 52 52 52 52 52 52 52 52 52 52 52 52 
0 99 108 108 108 108 0 108 108 102 95 92 108 108 98 92 108 108 108 108 92 108 108 108 86 108 70 108 82 108 
0 99 147 119 108 127 136 0 119 102 95 92 147 121 98 92 147 113 114 110 92 127 124 110 86 144 70 147 82 129 
0 99 177 119 108 127 136 132 0 102 95 92 155 121 98 92 182 113 114 110 92 127 124 110 86 144 70 157 82 129 
0 99 153 119 108 127 136 132 119 0 95 92 153 121 98 92 153 113 114 110 92 127 124 110 86 144 70 153 82 129 
0 99 172 119 108 127 136 132 119 102 0 92 155 121 98 92 172 113 114 110 92 127 124 110 86 144 70 157 82 129 
0 99 139 119 108 127 136 132 119 102 95 0 139 121 98 92 139 113 114 110 92 127 124 110 86 139 70 139 82 129 
0 99 177 119 108 127 136 132 119 102 95 92 0 121 98 92 197 113 114 110 92 127 124 110 86 144 70 157 82 129 
0 88 88 88 88 88 88 88 88 88 88 88 88 0 88 88 88 88 88 88 88 88 88 88 86 88 70 88 82 88 
0 99 145 119 108 127 136 132 119 102 95 92 145 121 0 92 145 113 114 110 92 127 124 110 86 144 70 145 82 129 
0 99 104 104 104 104 104 104 104 102 95 92 104 104 98 0 104 104 104 104 92 104 104 104 86 104 70 104 82 119 
0 99 177 119 108 127 136 132 119 102 95 92 155 121 98 92 0 113 114 110 92 127 124 110 86 144 70 157 82 129 
0 91 91 91 91 91 91 91 91 91 91 91 91 91 91 91 91 0 91 91 91 91 91 91 86 91 70 91 82 93 
0 99 177 119 108 127 136 132 119 102 95 92 155 121 98 92 197 113 0 110 92 127 124 110 86 144 70 157 82 129 
0 42 42 42 42 42 42 42 42 42 42 42 42 42 42 42 42 42 42 0 42 42 42 42 42 42 42 42 42 55 
0 99 177 119 108 127 136 132 119 102 95 92 155 121 98 92 197 113 114 110 0 127 124 110 86 144 70 157 82 129 
0 99 177 119 108 127 136 132 119 102 95 92 155 121 98 92 197 113 114 110 92 0 124 110 86 144 70 157 82 129 
0 99 177 119 108 127 136 132 119 102 95 92 155 121 98 92 197 113 114 110 92 127 0 110 86 144 70 157 82 129 
0 38 38 38 38 38 38 38 38 38 38 38 38 38 38 38 38 38 38 38 38 38 38 0 38 38 38 38 38 50 
0 20 20 20 20 20 20 20 20 20 20 20 20 20 20 20 20 20 20 20 20 20 20 20 0 20 20 20 20 21 
0 20 20 20 20 20 20 20 20 20 20 20 20 20 20 20 20 20 20 20 20 20 20 20 20 0 20 20 20 20 
0 33 33 33 33 33 33 33 33 33 33 33 33 33 33 33 33 33 33 33 33 33 33 33 33 33 0 33 33 35 
0 20 20 20 20 20 20 20 20 20 20 20 20 20 20 20 20 20 20 20 20 20 20 20 20 20 20 0 20 24 
0 20 20 20 20 20 20 20 20 20 20 20 20 20 20 20 20 20 20 20 20 20 20 20 20 20 20 20 0 25 
0 0 0 0 0 0 0 0 0 0 0 0 0 0 0 0 0 0 0 0 0 0 0 0 0 0 0 0 0 0 
0