75 345 30 0
1 11 20
11 10 20
10 27 20
27 3 20
3 23 20
23 12 20
12 29 20
29 14 20
14 21 20
21 24 20
24 19 20
19 8 20
8 7 20
7 6 20
6 5 20
5 16 20
16 13 20
13 4 20
4 9 20
9 15 20
15 17 20
17 25 20
25 20 20
20 26 20
26 18 20
18 2 20
2 28 20
28 22 20
2 30 20
1 30 4
2 3 9
2 6 4
2 7 15
2 23 16
2 17 13
2 10 16
2 26 8
2 15 1
2 14 14
2 11 4
2 22 1
2 12 10
2 5 7
2 21 11
2 9 9
2 24 2
2 13 5
2 27 19
3 10 17
3 6 15
3 14 9
3 19 17
3 26 9
3 28 10
3 16 2
3 8 18
3 24 6
3 12 14
3 7 19
3 11 16
3 29 2
3 20 2
4 12 10
4 22 9
4 18 19
4 15 12
4 17 15
4 25 6
4 11 4
4 6 20
4 29 17
4 24 11
4 19 18
4 20 20
4 14 6
4 21 1
4 16 9
4 27 12
5 27 11
5 7 13
5 22 20
5 3 14
5 25 13
5 8 19
5 29 7
6 9 18
6 12 7
6 24 4
6 15 18
6 26 16
6 11 16
7 27 16
7 19 13
7 26 3
7 20 16
7 17 9
7 21 7
7 16 9
7 14 7
7 11 1
7 12 3
7 4 9
7 15 13
7 9 12
7 23 8
7 28 5
9 19 5
9 5 20
9 27 6
9 29 11
9 10 8
9 8 20
10 25 9
10 15 4
10 8 19
10 24 17
10 16 5
10 22 18
10 26 9
10 23 2
10 4 5
10 18 19
10 6 12
10 12 10
10 5 4
10 21 5
10 17 14
10 19 15
11 8 13
11 22 16
12 14 11
12 5 2
12 11 11
12 27 9
13 20 20
13 27 6
13 23 3
13 19 16
13 6 8
13 15 18
13 7 7
15 21 11
15 29 3
15 27 3
15 8 7
15 12 12
15 26 2
15 18 4
15 22 11
15 24 9
16 29 5
16 12 20
16 27 4
16 21 9
16 8 13
16 18 3
16 20 5
16 11 2
17 11 8
17 13 9
17 27 12
17 26 9
17 20 15
17 6 15
17 18 12
17 28 14
18 11 11
18 28 4
18 27 1
18 6 20
18 5 8
18 12 20
18 24 14
18 3 16
18 8 20
18 22 16
18 25 18
18 19 12
18 14 6
18 7 10
18 29 12
19 21 6
19 26 15
19 5 7
19 25 13
19 15 19
19 14 10
19 6 18
19 11 3
19 17 14
19 23 2
19 28 12
20 23 5
20 28 20
20 10 3
20 11 6
20 6 14
20 8 6
20 2 17
20 24 6
20 21 7
21 22 17
21 27 16
21 25 2
21 28 19
21 12 9
21 8 11
21 9 8
22 25 2
22 24 9
22 12 11
22 9 7
22 19 8
22 20 18
22 3 16
23 25 5
23 18 19
23 11 12
23 28 12
24 8 4
24 14 15
25 3 1
25 26 11
25 28 8
25 7 7
25 13 19
25 24 1
25 9 19
26 24 3
26 16 1
26 11 20
26 8 18
27 19 3
27 8 17
27 14 5
27 23 4
27 26 11
27 22 7
28 16 11
29 28 18
4 30 7
5 30 18
6 30 4
7 30 4
8 30 5
9 30 9
13 30 16
16 30 11
19 30 17
21 30 1
23 30 5
26 30 11
27 30 12
28 30 18
29 30 16
27 31 18
31 10 18
3 32 8
32 27 8
21 33 15
33 14 15
7 34 7
34 8 7
13 35 15
35 16 15
4 36 17
36 13 17
15 37 15
37 9 15
25 38 5
38 17 5
20 39 14
39 25 14
18 40 12
40 26 12
2 41 17
41 18 17
3 42 4
42 2 4
7 43 19
43 2 19
10 44 15
44 2 15
22 45 11
45 2 11
21 46 1
46 2 1
28 47 1
47 3 1
7 48 1
48 3 1
20 49 10
49 3 10
22 50 16
50 4 16
17 51 9
51 4 9
21 52 8
52 4 8
7 53 20
53 5 20
15 54 4
54 6 4
21 55 18
55 7 18
16 56 16
56 7 16
27 57 1
57 9 1
18 58 3
58 10 3
21 59 7
59 10 7
19 60 15
60 10 15
27 61 1
61 12 1
19 62 11
62 13 11
18 63 12
63 15 12
21 64 14
64 16 14
27 65 4
65 17 4
26 66 1
66 17 1
18 67 12
67 17 12
28 68 13
68 17 13
24 69 19
69 18 19
19 70 3
70 18 3
25 71 16
71 19 16
24 72 19
72 20 19
22 73 19
73 21 19
25 74 13
74 21 13
25 75 16
75 22 16
0 20 20 20 20 20 20 20 20 20 20 20 20 20 20 20 20 20 20 20 20 20 20 20 20 20 20 20 20 24 
0 0 88 67 88 150 125 201 109 107 114 147 81 118 117 86 120 135 143 135 109 151 60 102 102 125 143 142 77 174 
0 87 0 67 88 150 125 188 109 107 114 147 81 118 117 86 120 135 143 135 109 151 60 102 102 125 143 142 77 174 
0 87 88 0 88 150 125 212 109 107 114 147 81 118 117 86 120 135 143 135 109 151 60 102 102 125 143 142 77 174 
0 87 88 67 0 117 117 117 109 107 114 117 81 117 117 86 117 117 117 117 109 117 60 102 102 117 117 117 77 135 
0 87 88 67 88 0 99 99 99 99 99 99 81 99 99 86 99 99 99 99 99 99 60 99 99 99 99 99 77 103 
0 87 88 67 88 150 0 198 109 107 114 147 81 118 117 86 120 135 143 135 109 151 60 102 102 125 143 142 77 174 
0 20 20 20 20 20 20 0 20 20 20 20 20 20 20 20 20 20 20 20 20 20 20 20 20 20 20 20 20 25 
0 87 88 67 88 90 90 90 0 90 90 90 81 90 90 86 90 90 90 90 90 90 60 90 90 90 90 90 77 99 
0 87 88 67 88 150 125 202 109 0 114 147 81 118 117 86 120 135 143 135 109 151 60 102 102 125 143 142 77 174 
0 49 49 49 49 49 49 49 49 49 0 49 49 49 49 49 49 49 49 49 49 49 49 49 49 49 49 49 49 49 
0 53 53 53 53 53 53 53 53 53 53 0 53 53 53 53 53 53 53 53 53 53 53 53 53 53 53 53 53 53 
0 87 88 67 88 113 113 113 109 107 113 113 0 113 113 86 113 113 113 113 109 113 60 102 102 113 113 113 77 129 
0 20 20 20 20 20 20 20 20 20 20 20 20 0 20 20 20 20 20 20 20 20 20 20 20 20 20 20 20 20 
0 87 88 67 88 101 101 101 101 101 101 101 81 101 0 86 101 101 101 101 101 101 60 101 101 101 101 101 77 101 
0 87 88 67 88 97 97 97 97 97 97 97 81 97 97 0 97 97 97 97 97 97 60 97 97 97 97 97 77 108 
0 87 88 67 88 123 123 123 109 107 114 123 81 118 117 86 0 123 123 123 109 123 60 102 102 123 123 123 77 123 
0 87 88 67 88 150 125 212 109 107 114 147 81 118 117 86 120 0 143 135 109 151 60 102 102 125 143 142 77 174 
0 87 88 67 88 150 125 168 109 107 114 147 81 118 117 86 120 135 0 135 109 151 60 102 102 125 143 142 77 174 
0 87 88 67 88 128 125 128 109 107 114 128 81 118 117 86 120 128 128 0 109 128 60 102 102 125 128 128 77 128 
0 87 88 67 88 150 125 150 109 107 114 147 81 118 117 86 120 135 143 135 0 150 60 102 102 125 143 142 77 151 
0 87 88 67 88 117 117 117 109 107 114 117 81 117 117 86 117 117 117 117 109 0 60 102 102 117 117 117 77 117 
0 68 68 67 68 68 68 68 68 68 68 68 68 68 68 68 68 68 68 68 68 68 0 68 68 68 68 68 68 73 
0 77 77 67 77 77 77 77 77 77 77 77 77 77 77 77 77 77 77 77 77 77 60 0 77 77 77 77 77 77 
0 87 88 67 88 136 125 136 109 107 114 136 81 118 117 86 120 135 136 135 109 136 60 102 0 125 136 136 77 136 
0 63 63 63 63 63 63 63 63 63 63 63 63 63 63 63 63 63 63 63 63 63 60 63 63 0 63 63 63 74 
0 87 88 67 88 91 91 91 91 91 91 91 81 91 91 86 91 91 91 91 91 91 60 91 91 91 0 91 77 103 
0 45 45 45 45 45 45 45 45 45 45 45 45 45 45 45 45 45 45 45 45 45 45 45 45 45 45 0 45 63 
0 38 38 38 38 38 38 38 38 38 38 38 38 38 38 38 38 38 38 38 38 38 38 38 38 38 38 38 0 54 
0 0 0 0 0 0 0 0 0 0 0 0 0 0 0 0 0 0 0 0 0 0 0 0 0 0 0 0 0 0 
0