77 347 30 0
1 22 20
22 11 20
11 10 20
10 26 20
26 4 20
4 3 20
3 20 20
20 25 20
25 19 20
19 23 20
23 16 20
16 5 20
5 17 20
17 8 20
8 29 20
29 28 20
28 12 20
12 18 20
18 27 20
27 2 20
2 7 20
7 21 20
21 14 20
14 24 20
24 6 20
6 15 20
15 9 20
9 13 20
14 30 20
1 9 8
1 21 19
1 25 10
1 16 1
1 13 1
1 24 20
1 3 7
1 5 11
1 27 16
1 4 4
1 14 13
1 17 11
1 2 18
1 29 20
1 6 17
1 26 6
1 20 11
1 30 7
2 17 17
2 16 9
2 13 12
2 4 8
2 20 9
2 25 2
2 28 10
2 19 1
2 5 15
2 11 17
2 12 10
2 8 15
2 10 15
2 23 1
2 18 16
3 15 4
3 24 15
3 28 16
3 22 6
3 7 11
3 10 19
3 23 1
3 19 1
3 29 7
3 6 7
3 21 8
3 9 5
4 24 14
4 9 20
4 21 4
4 19 8
5 23 18
5 22 13
5 20 14
5 4 10
5 28 8
5 7 20
5 24 20
5 25 3
6 4 13
6 29 10
6 18 11
6 8 10
6 28 9
6 22 1
7 15 18
7 17 20
7 9 15
7 6 6
7 19 13
7 28 6
7 12 2
7 10 13
7 18 9
7 25 10
7 11 15
7 24 13
7 29 19
7 8 8
7 22 14
7 4 9
7 13 11
8 25 11
8 16 2
10 27 14
10 9 17
10 20 4
10 12 7
10 15 13
10 14 8
10 22 18
10 8 19
10 24 6
10 4 6
10 25 11
10 21 8
12 25 2
12 19 13
12 23 14
14 20 13
14 17 17
14 25 20
14 26 6
15 8 20
15 21 3
15 19 1
15 4 14
15 14 16
15 23 14
15 27 8
15 26 3
16 14 18
16 29 7
16 13 13
16 15 18
17 28 12
17 13 12
17 11 15
17 18 2
17 15 15
17 19 11
17 3 14
17 20 6
17 21 6
17 24 18
17 16 1
17 10 13
17 25 8
17 12 1
17 23 8
17 4 18
18 26 7
18 10 17
18 24 4
18 5 5
18 9 15
19 24 9
19 8 20
19 21 12
20 4 18
20 19 13
20 8 2
20 29 19
20 11 17
20 9 13
20 13 11
21 22 16
21 27 18
22 4 18
22 23 11
22 9 6
22 19 1
22 17 11
22 16 9
22 8 18
22 24 10
22 20 6
22 28 5
22 15 9
23 4 4
23 11 16
23 27 14
23 9 1
23 6 13
23 13 1
23 25 8
24 8 14
24 25 20
24 26 12
24 28 20
24 21 1
24 13 1
24 11 16
24 20 18
24 23 8
25 18 4
25 22 3
25 13 15
25 29 20
25 21 14
26 11 2
26 21 6
26 27 15
26 7 11
26 5 2
27 8 1
27 9 18
27 16 6
27 19 18
27 24 8
27 28 20
27 4 2
27 22 18
27 3 20
27 13 18
27 25 11
27 17 10
27 6 18
28 8 12
28 21 14
28 23 9
28 11 19
28 26 13
28 14 5
28 16 11
28 18 4
28 4 13
28 19 11
29 4 18
29 2 4
29 17 8
29 26 5
29 10 10
29 27 7
29 15 18
29 12 9
29 9 5
29 11 12
29 18 11
29 24 16
29 13 18
2 30 20
3 30 19
4 30 16
5 30 9
6 30 10
11 31 18
31 22 18
3 32 15
32 4 15
20 33 16
33 3 16
23 34 6
34 19 6
29 35 6
35 8 6
28 36 4
36 29 4
27 37 1
37 18 1
2 38 8
38 27 8
24 39 20
39 14 20
17 40 10
40 2 10
20 41 13
41 2 13
5 42 4
42 2 4
10 43 16
43 2 16
23 44 19
44 2 19
15 45 4
45 3 4
28 46 13
46 3 13
10 47 15
47 3 15
29 48 18
48 3 18
23 49 13
49 5 13
28 50 16
50 5 16
7 51 14
51 5 14
24 52 13
52 5 13
29 53 6
53 6 6
28 54 6
54 6 6
22 55 5
55 6 5
15 56 9
56 7 9
17 57 5
57 7 5
28 58 6
58 7 6
10 59 11
59 7 11
24 60 6
60 7 6
27 61 18
61 10 18
15 62 7
62 10 7
14 63 9
63 10 9
22 64 8
64 10 8
19 65 7
65 15 7
23 66 18
66 15 18
18 67 15
67 17 15
24 68 12
68 17 12
23 69 2
69 17 2
24 70 14
70 18 14
29 71 17
71 20 17
27 72 6
72 21 6
24 73 19
73 22 19
28 74 12
74 24 12
29 75 19
75 25 19
27 76 14
76 26 14
28 77 18
77 27 18
0 104 127 190 109 98 99 165 143 149 149 49 133 100 140 59 143 92 117 118 121 146 104 185 155 86 138 126 126 101 
0 0 120 173 98 81 99 165 135 149 149 49 132 87 140 58 132 92 117 107 102 126 104 165 145 80 122 126 106 94 
0 86 0 130 98 81 99 130 135 130 130 49 132 87 130 58 130 92 117 107 102 126 104 130 130 80 122 126 106 94 
0 46 46 0 46 46 46 46 66 46 46 46 66 46 46 46 46 46 46 46 46 46 46 46 46 46 46 46 46 62 
0 86 120 130 0 81 99 130 130 130 130 49 130 87 130 58 130 92 117 107 102 126 104 130 130 80 122 126 106 94 
0 74 74 74 74 0 74 74 74 74 74 49 74 74 74 58 74 74 74 74 74 74 74 74 74 74 74 74 74 84 
0 86 120 186 98 81 0 165 135 149 149 49 132 87 140 58 132 92 117 107 102 126 104 165 145 80 122 126 106 94 
0 33 33 33 33 33 33 0 33 33 33 33 33 33 33 33 33 33 33 33 33 33 33 33 33 33 33 33 33 33 
0 0 0 0 0 0 0 0 0 0 0 0 20 0 0 0 0 0 0 0 0 0 0 0 0 0 0 0 0 0 
0 86 120 176 98 81 99 165 135 0 149 49 132 87 140 58 132 92 117 107 102 126 104 165 145 80 122 126 106 94 
0 38 38 38 38 38 38 38 38 38 0 38 38 38 38 38 38 38 38 38 38 38 38 38 38 38 38 38 38 38 
0 49 49 49 49 49 49 49 49 49 49 0 49 49 49 49 49 49 49 49 49 49 49 49 49 49 49 49 49 49 
0 0 0 0 0 0 0 0 0 0 0 0 0 0 0 0 0 0 0 0 0 0 0 0 0 0 0 0 0 0 
0 85 85 85 85 81 85 85 85 85 85 49 85 0 85 58 85 85 85 85 85 85 85 85 85 80 85 85 85 94 
0 86 99 99 98 81 99 99 119 99 99 49 119 87 0 58 99 92 99 99 99 99 99 99 99 80 99 99 99 94 
0 63 63 63 63 63 63 63 63 63 63 49 76 63 63 0 63 63 63 63 63 63 63 63 63 63 63 63 63 63 
0 86 120 183 98 81 99 165 135 149 149 49 132 87 140 58 0 92 117 107 102 126 104 165 145 80 122 126 106 94 
0 68 68 68 68 68 68 68 83 68 68 49 83 68 68 58 68 0 68 68 68 68 68 68 68 68 68 68 68 68 
0 68 68 68 68 68 68 68 68 68 68 49 68 68 68 58 68 68 0 68 68 68 68 68 68 68 68 68 68 68 
0 86 118 118 98 81 99 118 131 118 118 49 132 87 118 58 118 92 117 0 102 118 104 118 118 80 118 118 106 94 
0 54 54 54 54 54 54 54 54 54 54 49 54 54 54 54 54 54 54 54 0 54 54 54 54 54 54 54 54 54 
0 86 120 131 98 81 99 131 135 131 131 49 132 87 131 58 131 92 117 107 102 0 104 131 131 80 122 126 106 94 
0 86 120 133 98 81 99 133 134 133 133 49 132 87 133 58 132 92 117 107 102 126 0 133 133 80 122 126 106 94 
0 86 120 186 98 81 99 165 135 149 149 49 132 87 140 58 132 92 117 107 102 126 104 0 145 80 122 126 106 94 
0 61 61 61 61 61 61 61 61 61 61 49 76 61 61 58 61 61 61 61 61 61 61 61 0 61 61 61 61 61 
0 56 56 56 56 56 56 56 56 56 56 49 56 56 56 56 56 56 56 56 56 56 56 56 56 0 56 56 56 56 
0 86 120 186 98 81 99 165 135 149 149 49 132 87 140 58 132 92 117 107 102 126 104 165 145 80 0 126 106 94 
0 86 120 186 98 81 99 165 135 149 149 49 132 87 140 58 132 92 117 107 102 126 104 165 145 80 122 0 106 94 
0 86 120 186 98 81 99 165 135 149 149 49 132 87 140 58 132 92 117 107 102 126 104 165 145 80 122 126 0 94 
0 0 0 0 0 0 0 0 0 0 0 0 0 0 0 0 0 0 0 0 0 0 0 0 0 0 0 0 0 0 
0