86 356 30 0
1 10 20
10 7 20
7 27 20
27 23 20
23 28 20
28 14 20
14 4 20
4 3 20
3 5 20
5 26 20
26 8 20
8 24 20
24 2 20
2 29 20
29 20 20
20 13 20
13 25 20
25 9 20
9 12 20
12 18 20
18 19 20
19 6 20
6 16 20
16 17 20
17 15 20
15 11 20
11 21 20
21 22 20
13 30 20
1 6 19
1 8 15
1 17 17
1 7 3
1 29 11
1 30 5
2 22 8
2 7 17
2 14 7
2 25 19
2 9 10
2 15 1
2 18 8
2 21 13
2 3 18
2 12 20
2 26 14
2 5 15
2 13 11
2 19 19
2 17 15
2 28 12
3 27 5
3 24 5
3 13 1
3 19 13
3 26 20
3 15 16
3 16 20
3 22 9
3 7 18
3 10 2
3 28 6
3 12 8
3 20 7
3 9 2
3 17 19
3 8 17
3 23 6
4 9 13
4 22 16
4 26 18
4 11 1
4 23 3
4 5 15
4 2 11
4 17 16
4 24 20
6 13 5
6 5 13
7 8 8
7 19 17
7 6 19
7 9 1
7 14 14
7 26 7
7 12 16
7 25 3
7 21 12
7 13 14
7 15 5
7 16 9
7 5 17
7 20 15
7 23 5
7 28 11
8 27 16
8 9 7
8 21 18
8 12 1
8 29 6
8 17 6
8 4 12
8 18 1
8 2 16
8 25 11
8 5 14
9 23 3
9 20 3
9 13 3
9 6 11
9 28 15
9 26 8
9 19 19
9 5 19
10 20 4
10 12 8
10 14 5
10 17 10
10 25 3
10 28 7
10 6 7
10 2 15
10 19 9
11 18 14
11 9 17
11 17 19
11 20 18
11 12 3
11 8 16
11 14 15
11 19 14
11 2 5
11 6 7
11 3 15
11 10 4
11 29 20
11 25 19
11 28 18
12 6 13
12 25 17
12 14 1
12 26 8
12 21 7
12 24 7
12 23 12
12 17 3
12 20 9
12 4 16
12 29 9
12 15 9
13 22 14
13 11 19
13 17 20
13 12 20
13 24 6
14 25 12
15 27 17
15 5 16
15 19 13
16 26 14
16 12 18
16 19 6
16 15 20
16 21 14
17 28 1
17 23 15
17 27 4
17 6 5
17 26 9
17 7 9
17 24 12
17 29 10
17 25 10
18 22 13
18 14 16
18 7 10
19 25 15
19 22 20
19 29 5
19 12 13
19 23 10
19 26 10
19 20 14
20 25 6
20 18 7
20 26 8
20 21 16
20 14 7
20 24 7
20 28 6
20 8 13
20 22 5
20 16 8
21 27 8
21 10 10
21 26 3
21 23 14
22 28 2
23 22 1
24 11 16
24 7 8
24 18 14
24 16 16
24 6 7
24 21 20
24 25 9
24 5 20
24 29 17
24 14 14
24 10 19
24 15 14
24 27 8
25 26 12
25 6 2
25 28 2
26 29 2
26 28 7
26 11 9
26 6 6
26 15 6
27 10 13
27 22 9
27 2 10
27 18 3
27 6 2
27 25 7
27 4 4
27 26 5
29 27 20
29 28 7
29 21 4
2 30 11
3 30 3
7 30 5
10 30 11
12 30 18
14 30 10
19 30 1
20 30 7
21 30 1
23 30 7
24 30 8
27 30 13
29 30 19
4 31 7
31 14 7
26 32 4
32 5 4
24 33 3
33 8 3
2 34 11
34 24 11
13 35 20
35 20 20
12 36 17
36 9 17
19 37 3
37 18 3
16 38 12
38 6 12
17 39 8
39 16 8
11 40 13
40 15 13
21 41 5
41 11 5
7 42 20
42 2 20
26 43 2
43 2 2
19 44 6
44 2 6
24 45 17
45 3 17
16 46 17
46 3 17
22 47 12
47 3 12
7 48 12
48 3 12
10 49 11
49 3 11
20 50 20
50 3 20
9 51 9
51 3 9
22 52 9
52 4 9
26 53 12
53 4 12
24 54 3
54 4 3
13 55 3
55 6 3
8 56 1
56 7 1
9 57 1
57 7 1
12 58 1
58 7 1
16 59 14
59 7 14
20 60 1
60 7 1
9 61 2
61 8 2
21 62 8
62 8 8
17 63 6
63 8 6
20 64 17
64 9 17
13 65 3
65 9 3
12 66 16
66 10 16
14 67 13
67 10 13
19 68 3
68 10 3
18 69 9
69 11 9
12 70 9
70 11 9
14 71 5
71 11 5
25 72 19
72 11 19
26 73 15
73 12 15
24 74 17
74 12 17
29 75 19
75 12 19
27 76 3
76 15 3
19 77 19
77 15 19
27 78 5
78 17 5
24 79 10
79 17 10
23 80 5
80 19 5
20 81 15
81 19 15
25 82 7
82 20 7
27 83 20
83 21 20
26 84 13
84 21 13
29 85 19
85 24 19
27 86 4
86 24 4
0 85 85 76 85 85 85 85 85 85 85 85 54 85 85 81 85 70 85 85 85 85 85 85 85 85 85 85 85 90 
0 0 151 76 153 114 100 93 107 80 112 178 54 106 126 81 143 70 150 117 157 115 88 111 151 156 98 114 89 134 
0 105 0 76 153 114 100 93 107 80 112 178 54 106 126 81 143 70 150 117 157 115 88 111 151 156 98 114 89 134 
0 105 138 0 138 114 100 93 107 80 112 138 54 106 126 81 138 70 138 117 138 115 88 111 138 138 98 114 89 134 
0 20 20 20 0 20 20 20 20 20 20 20 20 20 20 20 20 20 20 20 20 20 20 20 20 20 20 20 20 20 
0 38 38 38 38 0 38 38 38 38 38 38 38 38 38 38 38 38 38 38 38 38 38 38 38 38 38 38 38 38 
0 105 151 76 153 114 0 93 107 80 112 178 54 106 126 81 143 70 150 117 157 115 88 111 151 156 98 114 89 134 
0 105 129 76 129 114 100 0 107 80 112 129 54 106 126 81 129 70 129 117 129 115 88 111 129 129 98 114 89 129 
0 105 113 76 113 113 100 93 0 80 112 113 54 106 113 81 113 70 113 113 113 113 88 111 113 113 98 113 89 113 
0 99 99 76 99 99 99 93 99 0 99 99 54 99 99 81 99 70 99 99 99 99 88 99 99 99 98 99 89 110 
0 105 151 76 153 114 100 93 107 80 0 178 54 106 126 81 143 70 150 117 157 115 88 111 151 156 98 114 89 134 
0 105 151 76 153 114 100 93 107 80 112 0 54 106 126 81 143 70 150 117 157 115 88 111 151 156 98 114 89 134 
0 105 125 76 125 114 100 93 107 80 112 125 0 106 125 81 125 70 125 117 125 115 88 111 125 125 98 114 89 134 
0 50 50 50 50 50 50 50 50 50 50 50 50 0 50 50 50 50 50 50 50 50 50 50 50 50 50 50 50 60 
0 66 66 66 66 66 66 66 66 66 66 66 54 66 0 66 66 66 66 66 66 66 66 66 66 66 66 66 66 66 
0 105 135 76 135 114 100 93 107 80 112 135 54 106 126 0 135 70 135 117 135 115 88 111 135 135 98 114 89 134 
0 105 109 76 109 109 100 93 107 80 109 109 54 106 109 81 0 70 109 109 109 109 88 109 109 109 98 109 89 109 
0 68 68 68 68 68 68 68 68 68 68 68 54 68 68 68 68 0 68 68 68 68 68 68 68 68 68 68 68 68 
0 105 138 76 138 114 100 93 107 80 112 138 54 106 126 81 138 70 0 117 138 115 88 111 138 138 98 114 89 134 
0 105 151 76 153 114 100 93 107 80 112 156 54 106 126 81 143 70 150 0 156 115 88 111 151 156 98 114 89 134 
0 68 68 68 68 68 68 68 68 68 68 68 54 68 68 68 68 68 68 68 0 68 68 68 68 68 68 68 68 69 
0 23 23 23 23 23 23 23 23 23 23 23 23 23 23 23 23 23 23 23 23 0 23 23 23 23 23 23 23 23 
0 26 26 26 26 26 26 26 26 26 26 26 26 26 26 26 26 26 26 26 26 26 0 26 26 26 26 26 26 33 
0 105 151 76 153 114 100 93 107 80 112 178 54 106 126 81 143 70 150 117 157 115 88 0 151 156 98 114 89 134 
0 62 62 62 62 62 62 62 62 62 62 62 54 62 62 62 62 62 62 62 62 62 62 62 0 62 62 62 62 62 
0 92 92 76 96 92 92 92 92 80 92 92 54 92 92 81 92 70 92 92 92 92 88 92 92 0 92 92 89 92 
0 105 105 76 105 105 100 93 105 80 105 105 54 105 105 81 105 70 105 105 105 105 88 105 105 105 0 105 89 118 
0 20 20 20 20 20 20 20 20 20 20 20 20 20 20 20 20 20 20 20 20 20 20 20 20 20 20 0 20 20 
0 89 89 76 89 89 89 89 89 80 89 89 54 89 89 81 89 70 89 89 89 89 88 89 89 89 89 89 0 108 
0 0 0 0 0 0 0 0 0 0 0 0 0 0 0 0 0 0 0 0 0 0 0 0 0 0 0 0 0 0 
0