84 354 30 0
1 3 20
3 10 20
10 2 20
2 9 20
9 13 20
13 14 20
14 8 20
8 27 20
27 6 20
6 12 20
12 26 20
26 11 20
11 17 20
17 5 20
5 20 20
20 25 20
25 24 20
24 22 20
22 28 20
28 4 20
4 15 20
15 16 20
16 23 20
23 7 20
7 29 20
29 21 20
21 18 20
18 19 20
5 30 20
1 4 15
1 19 13
1 18 3
1 21 3
1 22 1
1 30 15
2 15 8
2 3 10
2 17 15
2 12 19
2 27 20
3 21 17
3 27 4
3 13 17
3 24 4
3 6 11
3 12 9
3 23 10
3 7 1
3 20 17
3 19 13
3 16 15
3 29 20
3 17 17
3 26 18
3 4 2
3 25 8
4 2 14
4 20 12
4 7 16
4 12 16
4 27 17
4 17 19
4 18 6
4 23 5
4 6 15
4 5 8
4 10 6
4 16 13
4 14 15
5 26 6
5 10 18
5 7 13
5 23 6
5 28 6
5 16 19
5 27 3
5 21 15
5 19 10
5 3 10
6 13 15
6 18 4
6 9 3
6 10 15
6 25 10
6 8 7
6 28 1
6 26 19
6 29 14
6 19 14
6 17 16
6 11 11
6 7 16
7 15 2
7 28 20
7 26 5
7 16 1
7 18 10
7 22 9
7 20 6
7 8 9
7 27 15
7 9 11
7 14 11
8 24 18
8 16 17
8 18 8
8 10 4
8 12 20
8 26 13
8 23 12
8 25 11
9 11 18
9 19 7
9 26 5
9 25 19
9 24 2
9 4 12
9 5 1
9 27 1
9 22 2
9 10 19
9 16 17
9 3 11
10 17 15
10 26 4
10 28 9
10 15 12
10 20 4
10 24 5
10 18 8
10 25 7
10 19 6
10 14 9
10 12 16
10 7 1
11 20 4
11 21 17
11 7 11
11 19 14
11 4 6
11 23 18
11 2 15
14 28 18
15 11 8
15 13 13
15 9 18
15 18 17
15 20 9
15 26 12
15 5 17
15 17 15
15 23 2
15 27 13
15 19 15
15 25 13
15 28 16
16 6 12
16 27 9
17 7 2
17 24 2
18 20 2
19 20 14
19 13 6
19 12 8
19 16 12
19 8 20
19 17 9
19 27 1
19 2 18
19 23 9
19 22 2
19 7 10
19 25 4
19 21 10
20 28 19
20 2 1
20 12 16
20 13 1
20 27 9
21 22 5
21 13 9
21 7 19
21 2 1
21 6 15
21 8 17
21 9 3
21 16 20
21 23 1
21 15 1
21 25 6
21 24 10
23 22 14
24 11 10
24 15 2
24 16 16
24 28 4
24 5 1
24 2 16
24 12 9
24 7 15
24 13 4
24 23 13
25 26 12
25 22 17
25 13 18
25 12 16
25 11 8
25 17 3
25 14 10
25 23 16
25 16 9
25 4 3
25 27 16
25 7 19
25 2 12
25 29 1
26 20 14
26 24 4
26 21 3
27 22 3
27 24 12
27 11 8
27 17 20
27 13 1
27 26 20
28 29 9
29 11 13
29 5 20
29 9 11
29 10 18
29 24 8
29 14 14
29 20 2
29 19 16
29 4 7
29 18 3
29 15 14
29 22 8
29 23 7
2 30 20
6 30 5
8 30 6
9 30 11
10 30 16
11 30 16
12 30 17
10 31 20
31 3 20
2 32 16
32 10 16
9 33 12
33 2 12
6 34 3
34 27 3
20 35 15
35 5 15
15 36 14
36 4 14
29 37 5
37 7 5
21 38 14
38 29 14
18 39 13
39 21 13
15 40 12
40 2 12
3 41 20
41 2 20
7 42 13
42 3 13
29 43 14
43 3 14
17 44 1
44 3 1
25 45 6
45 3 6
7 46 7
46 4 7
6 47 15
47 4 15
10 48 10
48 4 10
16 49 12
49 4 12
26 50 6
50 5 6
10 51 15
51 5 15
7 52 18
52 5 18
21 53 8
53 5 8
19 54 9
54 5 9
10 55 7
55 6 7
25 56 13
56 6 13
29 57 19
57 6 19
19 58 20
58 6 20
7 59 10
59 6 10
15 60 12
60 7 12
22 61 20
61 7 20
20 62 5
62 7 5
27 63 11
63 7 11
24 64 2
64 8 2
10 65 7
65 8 7
26 66 16
66 8 16
25 67 12
67 8 12
19 68 3
68 9 3
26 69 14
69 9 14
27 70 3
70 9 3
10 71 18
71 9 18
16 72 16
72 9 16
17 73 20
73 10 20
26 74 20
74 10 20
24 75 12
75 10 12
21 76 5
76 11 5
20 77 18
77 15 18
27 78 15
78 15 15
20 79 17
79 18 17
27 80 2
80 20 2
25 81 7
81 21 7
24 82 1
82 21 1
27 83 3
83 25 3
29 84 4
84 28 4
0 55 55 55 55 55 55 55 55 55 55 55 55 55 55 55 55 55 55 55 55 55 55 55 55 55 55 55 55 70 
0 0 85 108 108 108 108 108 108 108 101 108 104 79 92 108 108 93 108 106 103 80 108 85 101 108 108 108 78 111 
0 141 0 108 138 142 196 110 120 168 101 149 104 79 92 159 149 93 115 106 103 80 119 85 101 134 131 117 78 111 
0 141 85 0 138 142 182 110 120 168 101 149 104 79 92 159 149 93 115 106 103 80 119 85 101 134 131 117 78 111 
0 126 85 108 0 126 126 110 120 126 101 126 104 79 92 126 126 93 115 106 103 80 119 85 101 126 126 117 78 111 
0 141 85 108 138 0 183 110 120 168 101 149 104 79 92 159 149 93 115 106 103 80 119 85 101 134 131 117 78 111 
0 141 85 108 138 142 0 110 120 167 101 149 104 79 92 159 149 93 115 106 103 80 119 85 101 134 131 117 78 111 
0 123 85 108 123 123 123 0 120 123 101 123 104 79 92 123 123 93 115 106 103 80 119 85 101 123 123 117 78 111 
0 141 85 108 138 142 146 110 0 146 101 146 104 79 92 146 146 93 115 106 103 80 119 85 101 134 131 117 78 111 
0 141 85 108 138 142 193 110 120 0 101 149 104 79 92 159 149 93 115 106 103 80 119 85 101 134 131 117 78 111 
0 105 85 105 105 105 105 105 105 105 0 105 104 79 92 105 105 93 105 105 103 80 105 85 101 105 105 105 78 111 
0 20 20 20 20 20 20 20 20 20 20 0 20 20 20 20 20 20 20 20 20 20 20 20 20 20 20 20 20 37 
0 20 20 20 20 20 20 20 20 20 20 20 0 20 20 20 20 20 20 20 20 20 20 20 20 20 20 20 20 20 
0 38 38 38 38 38 38 38 38 38 38 38 38 0 38 38 38 38 38 38 38 38 38 38 38 38 38 38 38 38 
0 141 85 108 138 142 196 110 120 168 101 149 104 79 0 159 149 93 115 106 103 80 119 85 101 134 131 117 78 111 
0 69 69 69 69 69 69 69 69 69 69 69 69 69 69 0 69 69 69 69 69 69 69 69 69 69 69 69 69 69 
0 45 45 45 45 45 45 45 45 45 45 45 45 45 45 45 0 45 45 45 45 45 45 45 45 45 45 45 45 45 
0 35 35 35 35 35 35 35 35 35 35 35 35 35 35 35 35 0 35 35 35 35 35 35 35 35 35 35 35 35 
0 141 85 108 138 142 155 110 120 155 101 149 104 79 92 155 149 93 0 106 103 80 119 85 101 134 131 117 78 111 
0 121 85 108 121 121 121 110 120 121 101 121 104 79 92 121 121 93 115 0 103 80 119 85 101 121 121 117 78 111 
0 141 85 108 138 142 154 110 120 154 101 149 104 79 92 154 149 93 115 106 0 80 119 85 101 134 131 117 78 111 
0 40 40 40 40 40 40 40 40 40 40 40 40 40 40 40 40 40 40 40 40 0 40 40 40 40 40 40 40 40 
0 34 34 34 34 34 34 34 34 34 34 34 34 34 34 34 34 34 34 34 34 34 0 34 34 34 34 34 34 34 
0 125 85 108 125 125 125 110 120 125 101 125 104 79 92 125 125 93 115 106 103 80 119 0 101 125 125 117 78 111 
0 141 85 108 138 142 196 110 120 168 101 149 104 79 92 159 149 93 115 106 103 80 119 85 0 134 131 117 78 111 
0 97 85 97 97 97 97 97 97 97 97 97 97 79 92 97 97 93 97 97 97 80 97 85 97 0 97 97 78 97 
0 118 85 108 118 118 118 110 118 118 101 118 104 79 92 118 118 93 115 106 103 80 118 85 101 118 0 117 78 111 
0 29 29 29 29 29 29 29 29 29 29 29 29 29 29 29 29 29 29 29 29 29 29 29 29 29 29 0 29 29 
0 141 85 108 138 142 196 110 120 168 101 149 104 79 92 159 149 93 115 106 103 80 119 85 101 134 131 117 0 111 
0 0 0 0 0 0 0 0 0 0 0 0 0 0 0 0 0 0 0 0 0 0 0 0 0 0 0 0 0 0 
0