75 345 30 0
1 27 20
27 21 20
21 17 20
17 22 20
22 16 20
16 14 20
14 3 20
3 2 20
2 12 20
12 29 20
29 26 20
26 18 20
18 20 20
20 10 20
10 9 20
9 13 20
13 4 20
4 19 20
19 28 20
28 15 20
15 6 20
6 25 20
25 5 20
5 11 20
11 23 20
23 7 20
7 8 20
8 24 20
11 30 20
1 16 14
1 26 11
1 30 13
2 20 18
2 28 9
2 19 7
2 9 17
2 23 1
2 4 1
2 15 9
2 16 5
2 8 10
3 22 9
3 18 15
3 10 11
3 7 10
3 20 15
3 4 8
3 5 6
3 24 4
3 9 14
3 8 4
3 15 4
4 7 16
4 15 9
4 8 14
4 14 11
4 10 10
4 24 16
4 22 16
5 16 10
5 23 18
5 9 2
5 14 1
5 19 18
5 22 1
5 10 6
5 15 7
5 2 3
5 28 1
5 4 20
5 21 1
5 20 15
5 13 5
5 6 2
6 19 14
6 13 15
6 26 16
6 8 11
7 6 20
7 26 17
7 10 11
7 19 12
7 20 11
7 11 9
7 24 17
8 19 8
8 14 14
8 20 1
8 18 10
8 23 3
8 27 7
8 5 18
8 26 4
8 25 3
8 11 2
8 17 7
8 16 14
8 22 14
9 26 9
9 23 11
9 12 16
9 7 10
9 17 17
9 4 19
9 28 5
9 24 1
9 25 17
9 22 3
9 11 20
9 6 5
9 8 10
9 20 7
10 29 9
11 13 13
11 4 9
11 14 5
11 21 3
11 3 8
11 6 18
11 25 5
11 24 4
11 10 15
11 27 4
11 28 15
11 29 5
11 12 4
11 26 18
11 20 6
11 16 10
11 22 7
11 2 18
12 25 3
12 8 5
12 20 15
12 24 4
12 10 6
12 27 6
12 16 16
12 22 15
12 5 16
13 29 14
13 3 20
13 25 1
13 18 18
13 17 15
13 7 11
13 27 4
13 24 8
13 10 2
13 20 4
13 28 5
13 19 18
13 26 19
13 16 19
13 14 7
13 12 16
14 18 12
14 26 11
14 10 1
14 20 10
14 17 7
14 19 12
14 21 4
15 21 8
15 26 9
15 25 8
15 11 15
15 12 11
15 7 20
15 16 19
15 19 6
15 17 18
15 10 13
15 22 13
16 6 2
16 4 7
16 27 10
16 3 13
16 9 16
16 17 16
16 19 3
16 23 8
17 27 5
17 5 9
17 20 20
17 10 16
17 7 7
17 12 2
17 24 13
17 6 17
17 3 16
18 12 9
18 27 20
19 9 2
19 12 16
19 22 12
19 23 12
19 24 20
19 17 9
20 23 6
20 29 3
21 2 11
21 20 1
21 7 10
21 26 11
21 9 12
21 23 18
22 26 19
22 2 8
22 6 2
22 14 8
22 29 5
22 13 1
22 24 18
23 29 6
23 4 4
23 13 18
23 18 11
24 2 5
24 18 11
24 25 8
24 5 10
24 16 1
24 15 9
24 28 13
25 19 10
25 23 16
25 2 8
25 18 4
25 22 16
25 29 2
25 26 5
25 10 13
25 16 7
26 12 1
26 28 12
26 16 17
26 5 11
26 19 3
27 28 5
29 8 6
4 30 11
5 30 3
7 30 11
8 30 8
9 30 5
10 30 10
15 30 1
16 30 4
17 30 4
19 30 5
22 30 9
23 30 7
26 30 20
27 30 18
17 31 17
31 21 17
9 32 7
32 10 7
13 33 20
33 9 20
19 34 16
34 4 16
6 35 6
35 15 6
5 36 9
36 25 9
7 37 15
37 23 15
8 38 2
38 7 2
24 39 1
39 8 1
20 40 20
40 2 20
9 41 13
41 2 13
4 42 18
42 2 18
15 43 11
43 2 11
8 44 5
44 2 5
5 45 19
45 3 19
8 46 16
46 4 16
14 47 7
47 4 7
16 48 15
48 5 15
9 49 16
49 5 16
14 50 20
50 5 20
19 51 4
51 5 4
22 52 5
52 5 5
15 53 8
53 5 8
19 54 1
54 6 1
26 55 13
55 6 13
8 56 2
56 6 2
10 57 5
57 7 5
19 58 8
58 8 8
25 59 15
59 8 15
11 60 1
60 8 1
17 61 7
61 8 7
12 62 6
62 9 6
17 63 2
63 9 2
25 64 6
64 9 6
24 65 8
65 11 8
16 66 7
66 11 7
24 67 15
67 12 15
14 68 18
68 13 18
17 69 11
69 14 11
21 70 6
70 15 6
17 71 8
71 16 8
23 72 5
72 16 5
23 73 1
73 19 1
24 74 4
74 22 4
25 75 19
75 24 19
0 45 45 45 45 45 45 45 45 45 45 45 45 45 45 45 45 45 45 45 45 45 45 45 45 45 45 45 45 58 
0 0 96 97 97 97 97 97 97 97 81 97 90 77 70 97 97 97 97 97 53 97 97 97 74 97 56 85 64 97 
0 120 0 120 120 102 111 112 117 120 81 110 90 77 70 120 109 101 120 120 53 120 120 120 74 120 56 85 64 120 
0 130 96 0 130 102 111 112 117 130 81 110 90 77 70 130 109 101 130 130 53 130 128 130 74 130 56 85 64 136 
0 140 96 127 0 102 111 112 117 131 81 110 90 77 70 151 109 101 132 143 53 130 128 144 74 158 56 85 64 136 
0 82 82 82 82 0 82 82 82 82 81 82 82 77 70 82 82 82 82 82 53 82 82 82 74 82 56 82 64 82 
0 132 96 127 132 102 0 112 117 131 81 110 90 77 70 132 109 101 132 132 53 130 128 132 74 132 56 85 64 136 
0 140 96 127 150 102 111 0 117 131 81 110 90 77 70 150 109 101 132 143 53 130 128 144 74 150 56 85 64 136 
0 140 96 127 158 102 111 112 0 131 81 110 90 77 70 151 109 101 132 143 53 130 128 144 74 158 56 85 64 136 
0 34 34 34 34 34 34 34 34 0 34 34 34 34 34 34 34 34 34 34 34 34 34 34 34 34 34 34 34 44 
0 140 96 127 158 102 111 112 117 131 0 110 90 77 70 151 109 101 132 143 53 130 128 144 74 158 56 85 64 136 
0 112 96 112 112 102 111 112 112 112 81 0 90 77 70 112 109 101 112 112 53 112 112 112 74 112 56 85 64 112 
0 140 96 127 158 102 111 112 117 131 81 110 0 77 70 151 109 101 132 143 53 130 128 144 74 158 56 85 64 136 
0 122 96 122 122 102 111 112 117 122 81 110 90 0 70 122 109 101 122 122 53 122 122 122 74 122 56 85 64 122 
0 140 96 127 158 102 111 112 117 131 81 110 90 77 0 151 109 101 132 143 53 130 128 144 74 158 56 85 64 136 
0 117 96 117 117 102 111 112 117 117 81 110 90 77 70 0 109 101 117 117 53 117 117 117 74 117 56 85 64 121 
0 140 96 127 158 102 111 112 117 131 81 110 90 77 70 151 0 101 132 143 53 130 128 144 74 158 56 85 64 136 
0 49 49 49 49 49 49 49 49 49 49 49 49 49 49 49 49 0 49 49 49 49 49 49 49 49 49 49 49 49 
0 120 96 120 120 102 111 112 117 120 81 110 90 77 70 120 109 101 0 120 53 120 120 120 74 120 56 85 64 125 
0 49 49 49 49 49 49 49 49 49 49 49 49 49 49 49 49 49 49 0 49 49 49 49 49 49 49 49 49 49 
0 89 89 89 89 89 89 89 89 89 81 89 89 77 70 89 89 89 89 89 0 89 89 89 74 89 56 85 64 89 
0 86 86 86 86 86 86 86 86 86 81 86 86 77 70 86 86 86 86 86 53 0 86 86 74 86 56 85 64 95 
0 65 65 65 65 65 65 65 65 65 65 65 65 65 65 65 65 65 65 65 53 65 0 65 65 65 56 65 64 72 
0 85 85 85 85 85 85 85 85 85 81 85 85 77 70 85 85 85 85 85 53 85 85 0 74 85 56 85 64 85 
0 140 96 127 141 102 111 112 117 131 81 110 90 77 70 141 109 101 132 141 53 130 128 141 0 141 56 85 64 136 
0 77 77 77 77 77 77 77 77 77 77 77 77 77 70 77 77 77 77 77 53 77 77 77 74 0 56 77 64 97 
0 25 25 25 25 25 25 25 25 25 25 25 25 25 25 25 25 25 25 25 25 25 25 25 25 25 0 25 25 43 
0 20 20 20 20 20 20 20 20 20 20 20 20 20 20 20 20 20 20 20 20 20 20 20 20 20 20 0 20 20 
0 26 26 26 26 26 26 26 26 26 26 26 26 26 26 26 26 26 26 26 26 26 26 26 26 26 26 26 0 26 
0 0 0 0 0 0 0 0 0 0 0 0 0 0 0 0 0 0 0 0 0 0 0 0 0 0 0 0 0 0 
0