78 348 30 0
1 2 20
2 8 20
8 20 20
20 14 20
14 10 20
10 4 20
4 9 20
9 12 20
12 6 20
6 26 20
26 24 20
24 19 20
19 23 20
23 7 20
7 17 20
17 18 20
18 3 20
3 27 20
27 21 20
21 25 20
25 22 20
22 28 20
28 5 20
5 13 20
13 29 20
29 11 20
11 15 20
15 16 20
6 30 20
1 6 7
1 28 15
1 18 2
1 17 14
1 8 15
1 9 10
1 16 10
1 14 5
1 3 9
2 5 14
2 14 9
3 24 6
3 6 11
3 12 9
3 11 17
3 29 9
3 28 4
4 23 17
4 7 4
4 29 12
4 5 6
4 16 20
4 25 3
4 11 14
4 12 10
4 17 14
4 3 1
4 27 1
4 13 2
4 2 2
5 27 11
5 18 20
6 18 13
6 16 3
6 9 15
6 20 4
6 25 15
6 7 7
6 2 16
6 17 17
6 11 20
6 5 12
6 22 5
6 28 18
6 23 6
6 19 18
7 12 20
9 15 7
9 20 20
9 25 8
9 8 19
10 7 20
10 20 10
10 16 7
10 28 15
10 5 9
10 18 18
10 19 3
10 6 10
10 17 9
10 8 11
10 29 16
10 9 12
10 11 4
10 24 4
12 26 2
12 29 5
12 13 11
12 21 16
12 23 5
12 16 7
12 8 14
12 22 8
13 23 4
13 22 9
13 8 17
13 9 17
13 19 5
13 3 3
13 21 16
13 6 20
13 27 12
13 25 14
13 20 8
13 7 4
13 2 7
13 16 4
14 5 14
14 19 12
14 28 19
14 12 14
14 8 11
14 7 5
14 6 13
14 25 20
14 21 12
14 13 18
14 18 17
14 26 13
14 27 4
14 9 3
14 22 4
14 29 11
16 25 14
16 5 17
16 2 19
16 19 20
16 7 1
19 7 14
19 22 15
19 11 9
19 27 12
19 8 20
19 3 3
19 4 17
19 28 11
19 17 11
19 18 19
19 2 14
19 29 12
19 5 8
20 28 19
20 17 20
21 18 20
21 16 5
21 29 9
21 4 9
21 8 3
21 11 8
21 7 20
21 3 19
21 9 15
21 24 2
21 19 20
21 20 5
21 5 18
21 17 17
21 28 15
21 15 6
21 2 5
21 6 17
22 3 19
22 10 17
22 29 12
22 16 18
22 8 5
22 20 1
23 3 20
25 17 12
25 19 20
25 7 12
25 15 9
25 11 3
25 26 17
25 29 15
25 2 1
25 18 3
25 28 5
25 24 19
25 10 14
25 8 14
26 22 15
26 15 7
26 17 3
26 9 14
26 16 14
26 20 2
26 4 15
26 2 14
26 21 2
26 27 3
26 18 11
26 8 8
26 7 19
26 3 2
26 28 9
26 23 18
26 29 12
27 28 1
27 12 3
27 22 16
27 23 4
27 18 15
27 20 9
27 7 16
27 8 15
27 17 19
27 2 9
27 16 15
27 11 2
27 25 6
27 10 11
27 6 16
28 11 3
28 9 13
28 7 12
28 13 10
28 17 8
28 2 7
28 12 1
28 4 17
28 8 7
28 18 19
28 16 13
29 5 18
29 6 14
29 16 17
29 20 2
29 8 1
29 23 9
29 28 14
29 17 17
29 27 3
29 18 20
29 7 4
29 9 12
29 2 19
3 30 13
8 30 1
9 30 13
19 30 9
22 30 8
23 30 20
10 31 13
31 14 13
6 32 20
32 12 20
26 33 16
33 6 16
24 34 20
34 26 20
19 35 4
35 24 4
25 36 3
36 21 3
5 37 4
37 28 4
29 38 7
38 13 7
14 39 17
39 2 17
6 40 16
40 3 16
29 41 5
41 3 5
28 42 14
42 3 14
29 43 13
43 4 13
16 44 14
44 4 14
25 45 15
45 4 15
13 46 14
46 4 14
27 47 20
47 5 20
16 48 2
48 6 2
25 49 11
49 6 11
22 50 3
50 6 3
28 51 19
51 6 19
19 52 1
52 6 1
25 53 1
53 9 1
16 54 10
54 10 10
19 55 20
55 10 20
17 56 2
56 10 2
26 57 19
57 12 19
21 58 14
58 12 14
16 59 8
59 12 8
19 60 13
60 13 13
25 61 10
61 13 10
16 62 10
62 13 10
28 63 9
63 14 9
27 64 19
64 14 19
22 65 20
65 14 20
25 66 10
66 16 10
19 67 1
67 16 1
22 68 5
68 19 5
27 69 10
69 19 10
28 70 5
70 19 5
29 71 16
71 19 16
28 72 3
72 20 3
28 73 6
73 21 6
29 74 12
74 25 12
28 75 2
75 25 2
27 76 5
76 26 5
29 77 16
77 26 16
28 78 10
78 27 10
0 107 107 107 107 107 107 107 107 94 100 107 101 95 49 107 107 107 107 84 75 92 83 55 107 93 76 107 107 84 
0 0 43 43 43 43 43 43 43 43 43 43 43 43 43 43 43 43 43 43 43 43 43 43 43 43 43 43 43 43 
0 76 0 76 76 76 76 76 76 76 76 76 76 76 49 76 76 76 76 76 75 76 76 55 76 76 76 76 76 84 
0 126 122 0 126 126 126 126 122 94 100 126 101 90 49 126 126 126 126 84 75 92 83 55 114 93 76 126 126 84 
0 55 55 55 0 55 55 55 55 55 55 55 55 55 49 55 55 55 55 55 55 55 55 55 55 55 55 55 55 55 
0 130 122 134 156 0 158 165 122 94 100 138 101 90 49 154 167 195 154 84 75 92 83 55 114 93 76 154 133 84 
0 40 40 40 40 40 0 40 40 40 40 40 40 40 40 40 40 40 40 40 40 40 40 40 40 40 40 40 40 40 
0 20 20 20 20 20 20 0 20 20 20 20 20 20 20 20 20 20 20 20 20 20 20 20 20 20 20 20 20 21 
0 74 74 74 74 74 74 74 0 74 74 74 74 74 49 74 74 74 74 74 74 74 74 55 74 74 74 74 74 84 
0 130 122 134 156 173 158 165 122 0 100 138 101 90 49 154 167 181 154 84 75 92 83 55 114 93 76 154 133 84 
0 20 20 20 20 20 20 20 20 20 0 20 20 20 20 20 20 20 20 20 20 20 20 20 20 20 20 20 20 20 
0 88 88 88 88 88 88 88 88 88 88 0 88 88 49 88 88 88 88 84 75 88 83 55 88 88 76 88 88 84 
0 130 122 134 156 173 158 165 122 94 100 138 0 90 49 154 167 174 154 84 75 92 83 55 114 93 76 154 133 84 
0 130 122 134 156 173 158 165 122 94 100 138 101 0 49 154 167 195 154 84 75 92 83 55 114 93 76 154 133 84 
0 20 20 20 20 20 20 20 20 20 20 20 20 20 0 20 20 20 20 20 20 20 20 20 20 20 20 20 20 20 
0 115 115 115 115 115 115 115 115 94 100 115 101 90 49 0 115 115 115 84 75 92 83 55 114 93 76 115 115 84 
0 22 22 22 22 22 22 22 22 22 22 22 22 22 22 22 0 22 22 22 22 22 22 22 22 22 22 22 22 22 
0 20 20 20 20 20 20 20 20 20 20 20 20 20 20 20 20 0 20 20 20 20 20 20 20 20 20 20 20 20 
0 130 122 134 156 173 158 165 122 94 100 138 101 90 49 154 167 195 0 84 75 92 83 55 114 93 76 154 133 84 
0 59 59 59 59 59 59 59 59 59 59 59 59 59 49 59 59 59 59 0 59 59 59 55 59 59 59 59 59 59 
0 130 122 134 156 173 158 165 122 94 100 138 101 90 49 154 167 195 154 84 0 92 83 55 114 93 76 154 133 84 
0 120 120 120 120 120 120 120 120 94 100 120 101 90 49 120 120 120 120 84 75 0 83 55 114 93 76 120 120 84 
0 40 40 40 40 40 40 40 40 40 40 40 40 40 40 40 40 40 40 40 40 40 0 40 40 40 40 40 40 60 
0 40 40 40 40 40 40 40 40 40 40 40 40 40 40 40 40 40 40 40 40 40 40 0 40 40 40 40 40 40 
0 130 122 134 156 173 158 165 122 94 100 138 101 90 49 154 167 195 154 84 75 92 83 55 0 93 76 154 133 84 
0 130 122 134 156 173 158 165 122 94 100 138 101 90 49 154 167 195 154 84 75 92 83 55 114 0 76 154 133 84 
0 130 122 134 156 173 158 165 122 94 100 138 101 90 49 154 167 195 154 84 75 92 83 55 114 93 0 154 133 84 
0 130 122 134 156 173 158 165 122 94 100 138 101 90 49 154 167 195 154 84 75 92 83 55 114 93 76 0 133 84 
0 130 122 134 156 173 158 165 122 94 100 138 101 90 49 154 167 195 154 84 75 92 83 55 114 93 76 154 0 84 
0 0 0 0 0 0 0 0 0 0 0 0 0 0 0 0 0 0 0 0 0 0 0 0 0 0 0 0 0 0 
0