78 348 30 0
1 5 20
5 13 20
13 22 20
22 9 20
9 8 20
8 12 20
12 17 20
17 29 20
29 16 20
16 27 20
27 11 20
11 25 20
25 18 20
18 7 20
7 21 20
21 23 20
23 19 20
19 6 20
6 20 20
20 3 20
3 2 20
2 4 20
4 14 20
14 24 20
24 10 20
10 26 20
26 15 20
15 28 20
29 30 20
1 7 3
1 26 17
1 6 13
1 20 18
1 14 11
1 3 2
1 13 18
1 2 7
1 24 7
1 12 6
1 18 4
1 19 16
2 17 6
2 24 15
2 29 13
2 6 3
2 27 2
2 10 4
2 12 15
2 11 14
3 27 5
3 14 11
4 18 12
4 21 19
4 23 10
4 19 7
4 29 2
4 3 8
4 22 2
4 15 10
4 11 12
5 3 3
5 20 17
5 4 9
5 18 16
5 16 19
5 2 9
5 19 16
5 14 4
5 12 12
5 21 6
6 16 2
6 11 1
6 8 11
6 21 3
6 25 4
6 23 6
6 29 18
6 14 7
6 24 12
6 12 13
6 18 19
7 22 7
8 24 16
8 27 16
8 2 5
8 29 2
8 14 7
8 26 13
8 5 1
8 23 9
8 3 1
9 26 12
9 4 14
9 13 4
9 12 16
9 25 14
9 29 3
9 21 6
10 7 11
10 28 4
10 20 17
10 15 15
10 25 20
10 22 20
10 11 18
10 8 3
10 21 19
10 29 19
11 7 5
11 18 14
11 28 13
11 20 11
11 9 14
11 8 10
11 19 3
11 13 9
11 15 7
11 26 19
11 16 6
12 18 14
12 16 19
12 29 19
13 8 9
13 4 3
13 17 2
13 24 9
13 10 2
13 3 16
13 25 18
13 28 19
13 15 6
13 16 19
13 29 10
14 26 17
14 12 11
14 2 6
14 16 8
14 28 5
14 11 7
14 19 10
14 21 8
14 7 3
15 2 14
15 12 14
15 29 20
16 19 8
16 25 6
16 22 2
16 3 11
16 8 15
16 24 8
16 23 20
16 28 6
16 20 12
16 15 2
16 17 11
16 26 19
16 21 15
17 25 2
17 27 13
18 16 16
18 8 6
18 2 20
18 24 3
18 22 4
18 3 17
18 26 16
18 15 4
18 17 9
18 13 2
18 9 4
18 14 5
18 19 11
19 27 3
19 21 19
19 17 20
19 22 4
19 7 8
20 7 18
20 18 15
20 2 12
20 15 17
20 21 3
20 8 19
20 24 15
20 14 8
20 27 4
21 2 4
21 11 20
21 22 1
21 17 17
21 12 18
21 29 4
21 26 16
21 8 8
21 15 17
21 3 10
22 2 5
22 11 9
22 23 18
22 20 13
22 8 12
22 24 15
22 25 16
22 3 8
22 28 4
22 26 14
23 24 19
23 18 4
23 9 20
24 19 10
24 4 2
24 5 11
24 29 18
24 7 19
24 28 16
24 9 15
24 21 14
24 12 1
24 25 13
24 17 18
24 26 8
26 20 17
26 17 10
26 25 19
26 3 19
26 29 6
26 7 4
26 28 13
26 23 12
26 2 13
27 15 4
27 18 11
27 6 14
27 13 13
27 22 2
27 28 17
29 22 18
3 30 7
6 30 5
11 30 16
12 30 5
14 30 13
16 30 6
17 30 9
18 30 19
23 30 18
24 30 9
25 30 18
26 30 1
27 30 12
28 30 7
13 31 3
31 5 3
8 32 4
32 9 4
16 33 13
33 29 13
11 34 12
34 27 12
18 35 6
35 25 6
21 36 16
36 7 16
19 37 15
37 23 15
4 38 18
38 2 18
24 39 1
39 14 1
26 40 8
40 10 8
18 41 18
41 4 18
23 42 16
42 4 16
19 43 18
43 4 18
11 44 8
44 4 8
18 45 9
45 5 9
21 46 9
46 5 9
16 47 5
47 6 5
11 48 8
48 6 8
8 49 19
49 6 19
21 50 7
50 6 7
14 51 18
51 6 18
24 52 2
52 6 2
12 53 10
53 6 10
21 54 14
54 9 14
20 55 15
55 10 15
21 56 9
56 10 9
18 57 16
57 11 16
26 58 13
58 11 13
16 59 9
59 12 9
24 60 9
60 13 9
25 61 6
61 13 6
16 62 5
62 13 5
26 63 3
63 14 3
24 64 10
64 16 10
20 65 13
65 16 13
17 66 7
66 16 7
26 67 12
67 16 12
21 68 11
68 16 11
27 69 13
69 17 13
26 70 3
70 18 3
19 71 8
71 18 8
27 72 12
72 19 12
21 73 20
73 19 20
21 74 17
74 20 17
24 75 9
75 20 9
27 76 5
76 20 5
26 77 10
77 21 10
24 78 8
78 22 8
0 133 115 108 53 119 107 113 91 58 130 135 86 77 102 142 126 140 133 142 142 88 110 139 138 142 75 117 142 142 
0 0 92 92 33 92 92 92 91 58 92 92 68 66 92 92 92 92 92 92 92 88 92 92 92 92 75 92 92 92 
0 36 0 36 33 36 36 36 36 36 36 36 36 36 36 36 36 36 36 36 36 36 36 36 36 36 36 36 36 43 
0 120 113 0 33 106 104 113 91 58 120 120 68 66 102 120 120 120 117 120 120 88 110 120 120 120 75 117 120 120 
0 126 113 108 0 106 104 113 91 58 130 129 68 66 102 131 126 131 117 131 131 88 110 131 131 131 75 117 131 131 
0 116 113 108 33 0 104 113 91 58 116 116 68 66 102 116 116 116 116 116 116 88 110 116 116 116 75 116 116 121 
0 27 27 27 27 27 0 27 27 27 27 27 27 27 27 27 27 27 27 27 27 27 27 27 27 27 27 27 27 27 
0 113 113 108 33 106 104 0 91 58 113 113 68 66 102 113 113 113 113 113 113 88 110 113 113 113 75 113 113 113 
0 89 89 89 33 89 89 89 0 58 89 89 68 66 89 89 89 89 89 89 89 88 89 89 89 89 75 89 89 89 
0 126 113 108 33 106 104 113 91 0 130 129 68 66 102 162 126 136 117 138 142 88 110 132 138 154 75 117 162 165 
0 126 113 108 33 106 104 113 91 58 0 129 68 66 102 146 126 136 117 138 142 88 110 132 138 146 75 117 146 165 
0 82 82 82 33 82 82 82 82 58 82 0 68 66 82 82 82 82 82 82 82 82 82 82 82 82 75 82 82 87 
0 117 113 108 33 106 104 113 91 58 117 117 0 66 102 117 117 117 117 117 117 88 110 117 117 117 75 117 117 124 
0 108 108 108 33 106 104 108 91 58 108 108 68 0 102 108 108 108 108 108 108 88 108 108 108 108 75 113 108 126 
0 48 48 48 33 48 48 48 48 48 48 48 48 48 0 48 48 48 48 48 48 48 48 48 48 48 48 68 48 55 
0 126 113 108 33 106 104 113 91 58 130 129 68 66 102 0 126 136 117 138 142 88 110 132 138 154 75 117 167 165 
0 42 42 42 33 42 42 42 42 42 42 42 42 42 42 42 0 42 42 42 42 42 42 42 42 42 42 42 42 51 
0 126 113 108 33 106 104 113 91 58 130 129 68 66 102 162 126 0 117 138 142 88 110 132 138 154 75 117 167 165 
0 115 113 108 33 106 104 113 91 58 115 115 68 66 102 115 115 115 0 115 115 88 110 115 115 115 75 115 115 115 
0 126 113 108 33 106 104 113 91 58 130 129 68 66 102 159 126 136 117 0 142 88 110 132 138 154 75 117 159 159 
0 126 113 108 33 106 104 113 91 58 130 129 68 66 102 162 126 136 117 138 0 88 110 132 138 154 75 117 167 165 
0 126 113 108 33 106 104 113 91 58 130 129 68 66 102 130 126 130 117 130 130 0 110 130 130 130 75 117 130 134 
0 79 79 79 33 79 79 79 79 58 79 79 68 66 79 79 79 79 79 79 79 79 0 79 79 79 75 79 79 97 
0 126 113 108 33 106 104 113 91 58 130 129 68 66 102 162 126 136 117 138 142 88 110 0 138 154 75 117 167 165 
0 26 26 26 26 26 26 26 26 26 26 26 26 26 26 26 26 26 26 26 26 26 26 26 0 26 26 26 26 44 
0 126 113 108 33 106 104 113 91 58 130 129 68 66 102 162 126 136 117 138 142 88 110 132 138 0 75 117 167 165 
0 94 94 94 33 94 94 94 91 58 94 94 68 66 94 94 94 94 94 94 94 88 94 94 94 94 0 111 94 113 
0 0 0 0 0 0 0 0 0 0 0 0 0 0 0 0 0 0 0 0 0 0 0 0 0 0 0 0 0 7 
0 38 38 38 33 38 38 38 38 38 38 38 38 38 38 38 38 38 38 38 38 38 38 38 38 38 38 38 0 58 
0 0 0 0 0 0 0 0 0 0 0 0 0 0 0 0 0 0 0 0 0 0 0 0 0 0 0 0 0 0 
0