79 349 30 0
1 20 20
20 4 20
4 10 20
10 29 20
29 12 20
12 3 20
3 25 20
25 15 20
15 28 20
28 24 20
24 8 20
8 16 20
16 7 20
7 19 20
19 6 20
6 5 20
5 22 20
22 26 20
26 9 20
9 18 20
18 11 20
11 23 20
23 14 20
14 13 20
13 2 20
2 27 20
27 21 20
21 17 20
7 30 20
1 29 7
1 15 19
1 4 16
1 28 15
1 5 3
1 10 9
1 3 15
1 11 16
1 13 20
1 2 20
1 24 5
1 27 20
1 7 13
2 12 14
2 29 6
2 9 17
2 21 17
2 14 6
2 20 17
2 15 6
3 29 15
3 8 2
3 18 12
3 13 15
3 19 19
3 9 10
3 10 19
3 17 11
3 24 20
3 27 17
3 2 4
3 11 16
3 26 12
3 14 9
4 7 11
4 13 13
4 9 10
4 29 10
4 8 7
4 21 5
4 17 5
4 3 17
4 27 7
5 16 4
5 27 15
5 4 18
5 29 7
6 14 6
6 27 16
6 9 18
6 23 14
6 10 16
6 15 8
6 7 17
6 16 9
6 3 14
6 24 3
6 13 10
6 21 8
6 20 15
6 22 13
6 4 16
8 25 10
8 22 4
8 18 18
8 29 10
8 2 19
8 20 16
8 28 4
8 12 2
8 5 16
8 15 12
8 21 20
8 19 9
8 13 8
8 10 18
8 11 18
8 26 17
9 23 7
9 20 17
9 29 4
9 25 15
9 7 5
10 2 4
10 16 15
10 27 1
10 14 12
10 21 3
11 10 17
11 14 16
11 6 18
11 5 4
11 28 11
11 2 6
11 16 1
11 21 3
11 19 6
11 12 17
11 13 19
11 20 10
11 25 3
11 17 3
11 9 15
11 15 8
11 27 18
12 5 12
12 7 3
12 28 19
12 13 3
12 24 17
12 17 19
12 21 12
12 18 10
13 5 9
14 9 7
14 7 4
14 16 9
15 21 11
15 7 1
15 12 6
15 29 1
16 19 18
16 17 10
16 21 13
16 4 1
16 25 10
16 24 9
16 28 16
16 29 4
16 3 17
16 2 6
16 12 16
16 22 13
16 23 12
17 28 18
17 6 3
17 9 3
17 20 16
17 10 9
17 26 7
17 23 3
17 19 17
17 22 1
18 6 15
18 5 6
18 4 19
18 23 11
18 14 10
18 25 16
18 16 11
18 15 13
18 17 5
18 21 13
18 27 11
19 25 13
19 5 16
19 20 15
19 21 20
19 27 8
19 10 3
19 12 10
19 2 3
20 27 10
20 23 4
20 25 9
20 16 8
20 14 2
20 3 6
20 29 2
20 13 20
20 10 11
20 22 12
20 15 11
21 22 17
21 25 14
21 26 8
21 29 16
21 28 7
21 7 4
21 3 20
22 13 8
22 19 16
23 10 12
23 24 19
23 5 3
24 17 8
24 2 2
24 13 5
24 18 17
25 23 5
25 29 4
25 26 4
25 27 17
25 5 3
25 17 7
25 14 8
25 10 11
26 29 20
26 16 13
27 22 19
27 17 9
27 29 12
27 12 3
27 14 16
27 26 7
28 3 5
28 25 9
28 29 5
28 18 16
28 9 7
28 4 17
28 13 15
28 22 2
28 5 10
28 27 17
28 20 17
29 14 7
29 6 13
29 19 6
2 30 3
5 30 1
10 30 20
3 31 5
31 12 5
28 32 16
32 15 16
16 33 9
33 8 9
7 34 9
34 16 9
6 35 20
35 19 20
26 36 14
36 22 14
9 37 10
37 26 10
18 38 7
38 9 7
11 39 11
39 18 11
17 40 2
40 21 2
29 41 18
41 2 18
20 42 18
42 2 18
15 43 5
43 2 5
8 44 3
44 3 3
18 45 18
45 3 18
19 46 4
46 3 4
10 47 15
47 3 15
17 48 14
48 3 14
11 49 8
49 3 8
21 50 11
50 4 11
16 51 5
51 5 5
27 52 13
52 5 13
16 53 15
53 6 15
21 54 2
54 6 2
25 55 17
55 8 17
18 56 4
56 8 4
12 57 7
57 8 7
19 58 16
58 8 16
20 59 11
59 9 11
25 60 12
60 9 12
27 61 6
61 10 6
14 62 20
62 11 20
28 63 17
63 11 17
16 64 2
64 11 2
21 65 18
65 11 18
19 66 7
66 11 7
20 67 14
67 11 14
25 68 5
68 11 5
17 69 19
69 11 19
27 70 17
70 11 17
21 71 14
71 12 14
21 72 19
72 16 19
28 73 20
73 16 20
25 74 8
74 18 8
27 75 19
75 18 19
27 76 8
76 19 8
27 77 4
77 20 4
28 78 20
78 21 20
27 79 4
79 25 4
0 125 176 118 120 86 78 82 137 151 189 107 156 112 113 138 97 131 139 147 167 115 76 93 123 85 177 110 143 44 
0 0 103 102 103 86 65 82 103 103 103 103 103 103 94 103 97 103 103 103 103 103 76 88 103 85 103 95 103 44 
0 105 0 102 117 86 65 82 137 142 173 107 136 112 94 138 97 131 139 127 167 115 76 88 123 85 157 95 136 44 
0 105 105 0 105 86 65 82 105 105 105 105 105 105 94 105 97 105 105 105 105 105 76 88 105 85 105 95 105 44 
0 64 64 64 0 64 64 64 64 64 64 64 64 64 64 64 64 64 64 64 64 64 64 64 64 64 64 64 64 44 
0 105 161 102 117 0 65 82 137 142 173 107 136 112 94 138 97 131 139 127 167 115 76 88 123 85 157 95 136 44 
0 29 29 29 29 29 0 29 29 29 29 29 29 29 29 29 29 29 29 29 29 29 29 29 29 29 29 29 29 44 
0 105 161 102 117 86 65 0 137 142 173 107 136 112 94 138 97 131 139 127 167 115 76 88 123 85 157 95 136 44 
0 78 78 78 78 78 65 78 0 78 78 78 78 78 78 78 78 78 78 78 78 78 76 78 78 78 78 78 78 44 
0 70 70 70 70 70 65 70 70 0 70 70 70 70 70 70 70 70 70 70 70 70 70 70 70 70 70 70 70 44 
0 105 161 102 117 86 65 82 137 142 0 107 136 112 94 138 97 131 139 127 167 115 76 88 123 85 157 95 136 44 
0 105 122 102 117 86 65 82 122 122 122 0 122 112 94 122 97 122 122 122 122 115 76 88 122 85 122 95 122 44 
0 29 29 29 29 29 29 29 29 29 29 29 0 29 29 29 29 29 29 29 29 29 29 29 29 29 29 29 29 29 
0 60 60 60 60 60 60 60 60 60 60 60 60 0 60 60 60 60 60 60 60 60 60 60 60 60 60 60 60 44 
0 44 44 44 44 44 44 44 44 44 44 44 44 44 0 44 44 44 44 44 44 44 44 44 44 44 44 44 44 44 
0 105 161 102 117 86 65 82 137 142 173 107 136 112 94 0 97 131 139 127 167 115 76 88 123 85 157 95 136 44 
0 105 112 102 112 86 65 82 112 112 112 107 112 112 94 112 0 112 112 112 112 112 76 88 112 85 112 95 112 44 
0 105 161 102 117 86 65 82 137 142 173 107 136 112 94 138 97 0 139 127 167 115 76 88 123 85 157 95 136 44 
0 105 135 102 117 86 65 82 135 135 135 107 135 112 94 135 97 131 0 127 135 115 76 88 123 85 135 95 135 44 
0 105 158 102 117 86 65 82 137 142 158 107 136 112 94 138 97 131 139 0 158 115 76 88 123 85 157 95 136 44 
0 105 161 102 117 86 65 82 137 142 170 107 136 112 94 138 97 131 139 127 0 115 76 88 123 85 157 95 136 44 
0 44 44 44 44 44 44 44 44 44 44 44 44 44 44 44 44 44 44 44 44 0 44 44 44 44 44 44 44 44 
0 54 54 54 54 54 54 54 54 54 54 54 54 54 54 54 54 54 54 54 54 54 0 54 54 54 54 54 54 44 
0 52 52 52 52 52 52 52 52 52 52 52 52 52 52 52 52 52 52 52 52 52 52 0 52 52 52 52 52 44 
0 105 121 102 117 86 65 82 121 121 121 107 121 112 94 121 97 121 121 121 121 115 76 88 0 85 121 95 121 44 
0 67 67 67 67 67 65 67 67 67 67 67 67 67 67 67 67 67 67 67 67 67 67 67 67 0 67 67 67 44 
0 105 157 102 117 86 65 82 137 142 157 107 136 112 94 138 97 131 139 127 157 115 76 88 123 85 0 95 136 44 
0 105 161 102 117 86 65 82 137 142 173 107 136 112 94 138 97 131 139 127 167 115 76 88 123 85 157 0 136 44 
0 64 64 64 64 64 64 64 64 64 64 64 64 64 64 64 64 64 64 64 64 64 64 64 64 64 64 64 0 44 
0 0 0 0 0 0 0 0 0 0 0 0 0 0 0 0 0 0 0 0 0 0 0 0 0 0 0 0 0 0 
0