94 364 30 0
1 10 20
10 20 20
20 28 20
28 8 20
8 13 20
13 7 20
7 12 20
12 25 20
25 21 20
21 27 20
27 9 20
9 6 20
6 19 20
19 18 20
18 24 20
24 11 20
11 15 20
15 26 20
26 14 20
14 29 20
29 17 20
17 16 20
16 22 20
22 2 20
2 23 20
23 3 20
3 5 20
5 4 20
18 30 20
2 3 10
2 5 16
2 29 4
2 11 4
2 24 5
2 4 16
2 19 10
2 6 9
2 14 14
2 26 16
2 18 3
2 10 12
2 7 4
2 27 4
2 21 14
3 13 1
3 24 4
3 22 11
3 20 18
3 12 5
3 29 6
3 11 1
3 25 8
3 18 11
4 14 8
4 15 13
4 10 18
4 23 8
4 18 4
4 17 12
4 24 20
4 13 9
5 22 9
5 8 8
5 9 2
5 23 8
5 25 17
5 15 8
5 18 19
6 26 4
6 24 10
6 13 20
6 8 2
6 23 17
6 29 4
6 11 15
6 12 14
6 16 2
6 7 17
6 25 20
6 5 17
6 28 9
6 22 11
6 21 16
6 17 19
6 3 10
7 29 19
7 18 6
7 3 9
7 14 14
7 17 20
7 24 1
7 21 18
7 25 14
7 27 20
7 16 14
7 11 12
7 28 20
7 22 6
8 12 18
8 3 19
8 26 12
9 29 4
9 7 20
9 11 12
9 18 13
9 23 10
9 3 8
9 16 13
9 2 1
9 17 18
9 26 8
10 3 11
10 21 14
10 22 15
10 27 20
10 24 14
10 11 11
10 6 13
10 23 2
10 29 13
10 13 19
11 17 19
11 20 9
11 21 1
11 13 3
11 22 3
11 14 3
12 15 12
13 15 7
13 16 1
14 21 9
14 25 17
15 21 8
15 25 15
15 2 14
15 23 9
15 18 14
15 19 8
15 14 11
15 16 19
15 28 1
16 5 18
16 23 19
16 3 2
16 4 2
16 24 2
16 19 12
16 25 5
16 18 16
16 20 11
17 18 17
17 15 1
18 12 16
18 8 9
18 22 12
18 13 4
18 23 9
18 6 19
18 29 12
19 12 16
19 4 7
19 13 16
19 28 9
19 22 6
20 22 9
20 24 5
20 27 9
20 25 3
21 16 8
21 24 16
21 28 13
21 3 18
22 26 4
22 12 11
22 9 11
22 28 18
22 24 2
22 4 18
22 29 5
22 15 4
23 8 20
23 21 13
23 25 4
23 11 9
23 14 20
23 20 13
23 12 12
24 27 16
24 23 16
24 14 3
24 19 10
24 29 2
24 13 9
24 28 18
24 5 2
24 12 20
25 26 2
25 29 17
25 18 14
25 17 12
25 28 7
25 22 12
26 23 1
26 16 20
26 28 4
26 24 20
26 5 9
26 7 14
26 17 15
26 19 4
26 18 12
26 27 13
26 21 12
27 23 10
27 19 6
28 18 5
28 10 8
28 3 14
29 23 20
29 13 2
29 15 17
29 27 14
29 4 4
29 11 6
29 28 4
29 26 3
29 20 15
29 19 15
2 30 10
5 30 17
8 30 18
12 30 5
14 30 20
16 30 2
17 30 20
19 30 3
8 31 9
31 28 9
6 32 2
32 9 2
19 33 15
33 6 15
18 34 11
34 19 11
11 35 6
35 24 6
26 36 3
36 15 3
29 37 3
37 14 3
16 38 18
38 17 18
22 39 10
39 16 10
23 40 17
40 2 17
3 41 4
41 23 4
5 42 18
42 2 18
29 43 6
43 2 6
11 44 11
44 2 11
6 45 4
45 2 4
26 46 6
46 2 6
10 47 13
47 2 13
13 48 10
48 3 10
11 49 20
49 3 20
18 50 6
50 4 6
22 51 6
51 5 6
23 52 14
52 5 14
15 53 10
53 5 10
18 54 19
54 5 19
26 55 8
55 6 8
24 56 17
56 6 17
23 57 20
57 6 20
29 58 11
58 6 11
16 59 3
59 6 3
25 60 14
60 6 14
22 61 18
61 6 18
29 62 6
62 7 6
18 63 4
63 7 4
16 64 15
64 7 15
12 65 11
65 8 11
26 66 5
66 8 5
29 67 17
67 9 17
23 68 15
68 9 15
16 69 7
69 9 7
22 70 19
70 10 19
11 71 13
71 10 13
20 72 6
72 11 6
21 73 10
73 11 10
13 74 20
74 11 20
22 75 6
75 11 6
16 76 12
76 13 12
25 77 10
77 14 10
21 78 12
78 15 12
25 79 1
79 15 1
23 80 2
80 15 2
18 81 6
81 15 6
24 82 11
82 16 11
23 83 6
83 18 6
29 84 17
84 18 17
22 85 16
85 19 16
22 86 14
86 20 14
24 87 20
87 21 20
24 88 8
88 22 8
29 89 10
89 22 10
25 90 17
90 23 17
29 91 11
91 24 11
26 92 6
92 25 6
29 93 1
93 25 1
28 94 16
94 25 16
0 20 20 20 20 20 20 20 20 20 20 20 20 20 20 20 20 20 20 20 20 20 20 20 20 20 20 20 20 20 
0 0 151 73 131 161 100 75 74 70 132 132 115 106 106 118 153 161 112 100 145 132 161 136 146 69 116 132 106 115 
0 89 0 73 89 89 89 75 74 70 89 89 89 89 89 89 89 89 89 89 89 89 89 89 89 69 89 89 89 89 
0 92 92 0 92 92 92 75 74 70 92 92 92 92 92 92 92 92 92 92 92 92 92 92 92 69 92 92 92 92 
0 109 109 73 0 109 100 75 74 70 109 109 109 106 106 109 109 109 109 100 109 109 109 109 109 69 109 109 106 115 
0 110 151 73 131 0 100 75 74 70 132 132 115 106 106 118 153 177 112 100 145 132 170 136 146 69 116 132 106 115 
0 110 151 73 131 167 0 75 74 70 132 132 115 106 106 118 153 177 112 100 145 132 170 136 146 69 116 132 106 115 
0 78 78 73 78 78 78 0 74 70 78 78 78 78 78 78 78 78 78 78 78 78 78 78 78 69 78 78 78 96 
0 110 127 73 127 127 100 75 0 70 127 127 115 106 106 118 127 127 112 100 127 127 127 127 127 69 116 127 106 115 
0 110 151 73 131 165 100 75 74 0 132 132 115 106 106 118 153 165 112 100 145 132 165 136 146 69 116 132 106 115 
0 108 108 73 108 108 100 75 74 70 0 108 108 106 106 108 108 108 108 100 108 108 108 108 108 69 108 108 106 108 
0 43 43 43 43 43 43 43 43 43 43 0 43 43 43 43 43 43 43 43 43 43 43 43 43 43 43 43 43 48 
0 58 58 58 58 58 58 58 58 58 58 58 0 58 58 58 58 58 58 58 58 58 58 58 58 58 58 58 58 58 
0 46 46 46 46 46 46 46 46 46 46 46 46 0 46 46 46 46 46 46 46 46 46 46 46 46 46 46 46 66 
0 110 129 73 129 129 100 75 74 70 129 129 115 106 0 118 129 129 112 100 129 129 129 129 129 69 116 129 106 115 
0 110 151 73 131 162 100 75 74 70 132 132 115 106 106 0 153 162 112 100 145 132 162 136 146 69 116 132 106 115 
0 38 38 38 38 38 38 38 38 38 38 38 38 38 38 38 0 38 38 38 38 38 38 38 38 38 38 38 38 58 
0 110 147 73 131 147 100 75 74 70 132 132 115 106 106 118 147 0 112 100 145 132 147 136 146 69 116 132 106 115 
0 89 89 73 89 89 89 75 74 70 89 89 89 89 89 89 89 89 0 89 89 89 89 89 89 69 89 89 89 92 
0 52 52 52 52 52 52 52 52 52 52 52 52 52 52 52 52 52 52 0 52 52 52 52 52 52 52 52 52 52 
0 97 97 73 97 97 97 75 74 70 97 97 97 97 97 97 97 97 97 97 0 97 97 97 97 69 97 97 97 97 
0 110 151 73 131 167 100 75 74 70 132 132 115 106 106 118 153 177 112 100 145 0 170 136 146 69 116 132 106 115 
0 110 151 73 131 167 100 75 74 70 132 132 115 106 106 118 153 177 112 100 145 132 0 136 146 69 116 132 106 115 
0 110 151 73 131 167 100 75 74 70 132 132 115 106 106 118 153 172 112 100 145 132 170 0 146 69 116 132 106 115 
0 110 126 73 126 126 100 75 74 70 126 126 115 106 106 118 126 126 112 100 126 126 126 126 0 69 116 126 106 115 
0 110 151 73 131 167 100 75 74 70 132 132 115 106 106 118 153 172 112 100 145 132 170 136 146 0 116 132 106 115 
0 36 36 36 36 36 36 36 36 36 36 36 36 36 36 36 36 36 36 36 36 36 36 36 36 36 0 36 36 36 
0 63 63 63 63 63 63 63 63 63 63 63 63 63 63 63 63 63 63 63 63 63 63 63 63 63 63 0 63 63 
0 110 151 73 131 167 100 75 74 70 132 132 115 106 106 118 153 177 112 100 145 132 170 136 146 69 116 132 0 115 
0 0 0 0 0 0 0 0 0 0 0 0 0 0 0 0 0 0 0 0 0 0 0 0 0 0 0 0 0 0 
0