68 338 30 0
1 10 20
10 6 20
6 20 20
20 4 20
4 23 20
23 17 20
17 13 20
13 5 20
5 25 20
25 7 20
7 12 20
12 24 20
24 21 20
21 3 20
3 27 20
27 2 20
2 16 20
16 29 20
29 8 20
8 14 20
14 22 20
22 28 20
28 26 20
26 9 20
9 11 20
11 15 20
15 18 20
18 19 20
14 30 20
1 17 6
1 20 12
1 12 7
1 28 2
1 22 17
1 13 10
1 26 7
1 8 7
1 3 4
1 14 9
1 29 13
1 9 1
1 4 12
1 11 16
1 25 2
1 24 14
1 19 17
1 30 2
2 23 13
2 25 10
2 22 18
2 5 4
2 12 18
2 9 18
2 17 3
3 15 16
3 26 14
3 7 6
3 6 16
3 12 15
3 13 16
3 22 6
3 2 6
3 23 15
3 5 15
3 11 11
4 6 17
4 7 5
4 27 19
5 21 16
5 29 18
5 6 18
5 12 6
5 23 15
5 17 18
5 28 20
5 26 17
5 22 16
5 16 3
5 8 1
5 15 15
5 18 4
5 7 3
5 4 10
5 19 16
6 29 12
6 17 13
6 23 6
6 9 5
6 12 5
6 19 20
6 11 19
7 26 1
7 21 6
8 16 5
8 21 13
8 3 19
8 11 9
8 4 15
8 22 5
8 6 3
8 9 6
8 2 15
8 17 16
8 19 13
8 10 12
9 22 2
9 27 6
9 3 10
10 13 2
12 4 3
13 8 18
13 12 19
13 22 2
14 29 20
14 20 1
14 2 14
14 15 13
14 3 16
15 22 7
15 13 17
15 25 10
15 26 4
15 19 9
15 27 14
15 12 18
15 8 19
15 10 3
15 6 7
16 14 11
16 23 16
16 11 19
16 22 10
16 3 8
16 15 1
16 26 19
16 4 5
16 12 18
16 20 14
16 25 5
16 9 16
16 18 6
16 21 12
16 27 12
16 17 10
17 19 10
17 15 19
17 20 5
17 9 8
17 3 20
17 10 18
17 4 6
17 22 14
17 29 16
17 25 10
18 27 19
18 10 12
19 10 20
19 12 20
19 4 10
19 3 20
21 19 14
21 11 18
21 23 9
21 2 5
21 14 18
21 18 3
21 13 12
22 10 10
22 24 14
22 7 7
22 12 1
22 20 6
22 19 3
22 6 8
22 21 15
23 25 5
23 19 20
23 29 7
23 20 2
23 18 8
23 14 9
23 11 9
23 10 2
23 28 1
23 7 3
23 13 1
23 8 11
23 12 14
24 20 3
24 8 18
24 15 11
24 4 9
24 18 13
24 13 10
24 29 17
24 5 17
24 23 12
24 28 8
24 10 17
24 2 17
25 11 2
25 18 1
25 4 3
25 20 2
25 12 11
25 19 9
25 27 10
25 21 19
25 8 5
25 9 17
25 6 10
25 13 18
25 26 17
25 14 3
25 3 7
26 13 16
26 24 17
26 2 6
26 20 13
26 18 17
27 5 18
27 14 8
27 19 1
27 13 12
27 8 4
27 21 20
27 7 3
27 23 1
28 27 1
28 4 12
28 8 9
28 13 3
28 18 13
28 2 16
28 21 7
28 29 4
28 10 11
28 14 2
28 9 2
28 16 14
28 3 14
29 21 20
29 25 18
29 15 16
29 11 15
29 4 12
29 22 19
29 20 15
29 12 7
29 7 5
29 19 18
29 9 5
29 3 19
29 2 8
29 10 4
2 30 10
3 30 17
4 30 18
5 30 8
7 30 11
8 30 3
10 30 15
4 31 3
31 20 3
23 32 16
32 4 16
5 33 12
33 13 12
24 34 20
34 12 20
3 35 20
35 21 20
27 36 20
36 3 20
16 37 13
37 2 13
22 38 7
38 14 7
28 39 10
39 22 10
15 40 4
40 11 4
23 41 11
41 2 11
25 42 19
42 2 19
17 43 6
43 2 6
15 44 20
44 3 20
6 45 3
45 3 3
22 46 11
46 3 11
6 47 14
47 4 14
29 48 3
48 5 3
23 49 10
49 5 10
28 50 16
50 5 16
22 51 6
51 5 6
19 52 16
52 5 16
17 53 4
53 6 4
21 54 9
54 7 9
16 55 13
55 8 13
17 56 3
56 8 3
15 57 16
57 14 16
25 58 20
58 15 20
19 59 6
59 15 6
23 60 5
60 16 5
22 61 10
61 16 10
21 62 11
62 16 11
29 63 6
63 17 6
23 64 18
64 21 18
29 65 13
65 23 13
28 66 1
66 23 1
28 67 1
67 24 1
29 68 12
68 28 12
0 156 176 147 125 103 61 128 98 129 142 176 149 103 137 68 92 85 170 96 176 146 121 66 80 99 101 63 127 104 
0 0 104 104 104 103 61 104 97 104 104 104 104 94 104 68 86 85 104 84 104 104 104 52 78 92 101 61 104 102 
0 156 0 135 125 103 61 121 97 109 126 176 139 94 137 68 86 85 153 84 176 129 121 52 78 92 101 61 114 102 
0 61 61 0 61 61 61 61 61 61 61 61 61 61 61 61 61 61 61 64 61 61 61 52 61 61 61 61 61 79 
0 156 207 135 0 103 61 121 97 109 126 192 139 94 137 68 86 85 153 84 186 129 121 52 78 92 101 61 114 102 
0 117 117 117 117 0 61 117 97 109 117 117 117 94 117 68 86 85 117 84 117 117 117 52 78 92 101 61 114 102 
0 27 27 27 27 27 0 27 27 27 27 27 27 27 27 27 27 27 27 27 27 27 27 27 27 27 27 27 27 38 
0 151 151 135 125 103 61 0 97 109 126 151 139 94 137 68 86 85 151 84 151 129 121 52 78 92 101 61 114 102 
0 38 38 38 38 38 38 38 0 38 38 38 38 38 38 38 38 38 38 38 38 38 38 38 38 38 38 38 38 38 
0 22 22 22 22 22 22 22 22 0 22 22 22 22 22 22 22 22 22 22 22 22 22 22 22 22 22 22 22 37 
0 20 20 20 20 20 20 20 20 20 0 20 20 20 20 20 20 20 20 20 20 20 20 20 20 20 20 20 20 20 
0 23 23 23 23 23 23 23 23 23 23 0 23 23 23 23 23 23 23 23 23 23 23 23 23 23 23 23 23 23 
0 59 59 59 59 59 59 59 59 59 59 59 0 59 59 59 59 59 59 59 59 59 59 52 59 59 59 59 59 59 
0 84 84 84 84 84 61 84 84 84 84 84 84 0 84 68 84 84 84 84 84 84 84 52 78 84 84 61 84 102 
0 156 164 135 125 103 61 121 97 109 126 164 139 94 0 68 86 85 153 84 164 129 121 52 78 92 101 61 114 102 
0 156 207 135 125 103 61 121 97 109 126 192 139 94 137 0 86 85 153 84 186 129 121 52 78 92 101 61 114 102 
0 156 159 135 125 103 61 121 97 109 126 159 139 94 137 68 0 85 153 84 159 129 121 52 78 92 101 61 114 102 
0 51 51 51 51 51 51 51 51 51 51 51 51 51 51 51 51 0 51 51 51 51 51 51 51 51 51 51 51 51 
0 92 92 92 92 92 61 92 92 92 92 92 92 92 92 68 86 85 0 84 92 92 92 52 78 92 92 61 92 92 
0 20 20 20 20 20 20 20 20 20 20 20 20 20 20 20 20 20 20 0 20 20 20 20 20 20 20 20 20 20 
0 119 119 119 119 103 61 119 97 109 119 119 119 94 119 68 86 85 119 84 0 119 119 52 78 92 101 61 114 102 
0 118 118 118 118 103 61 118 97 109 118 118 118 94 118 68 86 85 118 84 118 0 118 52 78 92 101 61 114 102 
0 156 172 135 125 103 61 121 97 109 126 172 139 94 137 68 86 85 153 84 172 129 0 52 78 92 101 61 114 102 
0 156 175 135 125 103 61 121 97 109 126 192 139 94 137 68 86 85 153 84 175 129 121 0 78 92 101 61 114 102 
0 156 192 135 125 103 61 121 97 109 126 192 139 94 137 68 86 85 153 84 186 129 121 52 0 92 101 61 114 102 
0 89 89 89 89 89 61 89 89 89 89 89 89 89 89 68 86 85 89 84 89 89 89 52 78 0 89 61 89 89 
0 107 107 107 107 103 61 107 97 107 107 107 107 94 107 68 86 85 107 84 107 107 107 52 78 92 0 61 107 102 
0 156 156 135 125 103 61 121 97 109 126 156 139 94 137 68 86 85 153 84 156 129 121 52 78 92 101 0 114 102 
0 156 207 135 125 103 61 121 97 109 126 192 139 94 137 68 86 85 153 84 186 129 121 52 78 92 101 61 0 102 
0 0 0 0 0 0 0 0 0 0 0 0 0 0 0 0 0 0 0 0 0 0 0 0 0 0 0 0 0 0 
0