73 343 30 0
1 29 20
29 27 20
27 10 20
10 26 20
26 8 20
8 3 20
3 16 20
16 25 20
25 19 20
19 23 20
23 2 20
2 21 20
21 20 20
20 12 20
12 5 20
5 28 20
28 7 20
7 4 20
4 13 20
13 9 20
9 18 20
18 15 20
15 14 20
14 24 20
24 17 20
17 11 20
11 6 20
6 22 20
16 30 20
1 2 13
1 13 4
1 6 17
1 25 16
1 11 18
1 24 9
1 9 15
1 15 8
1 4 16
1 23 9
1 7 1
1 17 3
1 14 16
1 3 15
1 30 15
2 5 2
2 10 2
2 24 12
2 7 13
2 29 17
2 3 14
2 4 1
2 26 12
2 13 9
3 22 7
3 19 5
3 20 10
3 9 11
3 7 15
3 25 18
3 14 2
3 24 18
3 21 1
3 15 14
4 28 14
4 21 10
4 18 10
4 26 8
4 16 5
4 19 17
4 14 12
5 16 19
6 15 12
6 4 2
6 19 20
6 5 16
6 23 1
6 8 20
6 27 15
6 20 13
6 10 7
6 18 16
7 9 12
8 19 11
8 22 12
8 16 8
8 20 18
8 4 16
8 5 1
8 11 9
8 18 20
8 17 10
8 29 10
8 23 18
8 7 3
8 10 6
10 17 9
10 7 1
11 27 18
11 24 20
11 13 9
11 28 19
11 20 6
11 12 14
11 7 3
12 10 12
12 22 18
12 17 1
12 8 1
12 21 15
12 29 7
12 3 8
12 9 20
12 2 11
12 15 19
12 16 10
12 25 4
12 28 12
12 4 20
12 18 10
13 29 8
13 21 17
13 8 11
13 19 11
13 12 12
13 10 15
13 5 5
13 16 1
13 6 12
13 20 10
13 26 1
13 3 14
13 17 2
14 7 4
14 18 12
14 12 19
14 20 5
14 6 17
14 8 10
14 9 1
14 11 6
14 16 5
14 5 13
14 10 4
14 19 11
14 29 19
15 17 5
16 15 7
16 9 12
16 17 12
16 6 6
16 18 5
16 2 6
16 11 6
16 27 3
16 20 2
16 21 1
16 29 2
16 24 18
16 10 16
16 19 8
16 26 19
16 28 1
17 29 2
17 2 20
17 9 11
17 3 16
17 19 11
17 5 7
17 18 19
17 20 14
17 26 3
18 19 8
18 29 10
18 22 18
18 21 1
18 27 16
18 2 3
18 5 19
18 20 13
18 11 1
18 28 7
18 13 8
18 23 13
18 10 17
20 23 3
20 25 6
20 4 6
20 22 4
20 5 13
21 8 1
21 24 3
21 19 16
21 9 13
21 7 14
22 25 5
22 15 5
22 16 13
22 21 7
22 29 10
22 4 6
23 27 17
23 22 19
23 25 6
23 26 19
23 9 20
23 21 12
23 7 1
23 29 6
23 28 13
23 16 19
25 11 9
25 10 17
25 13 18
25 28 14
25 29 16
25 6 10
25 15 18
25 26 8
25 2 16
25 18 15
25 7 19
25 17 10
26 28 19
26 15 3
26 9 8
26 24 13
26 5 2
26 22 6
28 9 10
28 27 6
28 22 18
28 24 16
28 6 15
28 20 19
28 14 2
28 15 17
28 3 6
29 11 12
29 10 3
29 4 8
29 20 17
29 26 3
29 3 10
29 6 15
2 30 2
3 30 14
4 30 5
5 30 4
8 30 13
10 30 20
12 30 16
13 30 16
18 30 3
21 30 16
23 30 12
25 30 5
29 30 8
26 31 4
31 10 4
8 32 6
32 26 6
3 33 8
33 8 8
25 34 8
34 16 8
23 35 20
35 19 20
2 36 1
36 23 1
21 37 15
37 2 15
13 38 19
38 4 19
18 39 1
39 9 1
14 40 18
40 15 18
17 41 3
41 24 3
11 42 9
42 17 9
22 43 5
43 6 5
29 44 14
44 2 14
13 45 17
45 2 17
21 46 16
46 3 16
28 47 9
47 4 9
18 48 10
48 4 10
16 49 11
49 4 11
19 50 6
50 4 6
18 51 14
51 6 14
16 52 1
52 8 1
17 53 18
53 8 18
23 54 20
54 8 20
17 55 20
55 10 20
13 56 9
56 11 9
28 57 4
57 11 4
12 58 17
58 11 17
21 59 17
59 12 17
25 60 9
60 12 9
28 61 7
61 12 7
17 62 20
62 13 20
17 63 5
63 16 5
21 64 6
64 16 6
29 65 5
65 17 5
29 66 12
66 18 12
22 67 19
67 18 19
23 68 13
68 20 13
25 69 6
69 22 6
28 70 20
70 23 20
28 71 14
71 25 14
26 72 2
72 25 2
28 73 5
73 26 5
0 135 119 150 98 131 94 110 154 143 111 98 88 52 141 119 86 158 158 160 84 128 85 132 91 104 95 119 127 169 
0 0 103 103 98 103 93 103 103 103 93 98 84 36 103 103 83 103 103 103 84 103 76 103 75 103 95 103 103 105 
0 122 0 129 98 114 93 110 129 129 93 98 84 36 129 119 83 129 129 129 84 128 76 123 75 104 95 119 107 143 
0 96 96 0 96 96 93 96 96 96 93 96 84 36 96 96 83 96 96 96 84 96 76 96 75 96 95 96 96 101 
0 39 39 39 0 39 39 39 39 39 39 39 39 36 39 39 39 39 39 39 39 39 39 39 39 39 39 39 39 43 
0 122 104 134 98 0 93 110 139 142 93 98 84 36 131 119 83 142 142 142 84 128 76 123 75 104 95 119 107 142 
0 32 32 32 32 32 0 32 32 32 32 32 32 32 32 32 32 32 32 32 32 32 32 32 32 32 32 32 32 32 
0 122 104 134 98 114 93 0 139 143 93 98 84 36 131 119 83 158 158 160 84 128 76 123 75 104 95 119 107 154 
0 20 20 20 20 20 20 20 0 20 20 20 20 20 20 20 20 20 20 20 20 20 20 20 20 20 20 20 20 20 
0 30 30 30 30 30 30 30 30 0 30 30 30 30 30 30 30 30 30 30 30 30 30 30 30 30 30 30 30 50 
0 118 104 118 98 114 93 110 118 118 0 98 84 36 118 118 83 118 118 118 84 118 76 118 75 104 95 118 107 118 
0 122 104 134 98 114 93 110 139 143 93 0 84 36 131 119 83 158 158 160 84 128 76 123 75 104 95 119 107 154 
0 122 104 134 98 114 93 110 139 143 93 98 0 36 131 119 83 158 158 160 84 128 76 123 75 104 95 119 107 154 
0 122 104 134 98 114 93 110 139 143 93 98 84 0 133 119 83 151 151 151 84 128 76 123 75 104 95 119 107 151 
0 25 25 25 25 25 25 25 25 25 25 25 25 25 0 25 25 25 25 25 25 25 25 25 25 25 25 25 25 25 
0 122 104 134 98 114 93 110 139 143 93 98 84 36 131 0 83 156 156 156 84 128 76 123 75 104 95 119 107 154 
0 122 104 134 98 114 93 110 139 143 93 98 84 36 131 119 0 158 158 160 84 128 76 123 75 104 95 119 107 154 
0 122 104 134 98 114 93 110 139 143 93 98 84 36 131 119 83 0 158 160 84 128 76 123 75 104 95 119 107 154 
0 26 26 26 26 26 26 26 26 26 26 26 26 26 26 26 26 26 0 26 26 26 26 26 26 26 26 26 26 26 
0 52 52 52 52 52 52 52 52 52 52 52 52 36 52 52 52 52 52 0 52 52 52 52 52 52 52 52 52 52 
0 121 104 121 98 114 93 110 121 121 93 98 84 36 121 119 83 121 121 121 0 121 76 121 75 104 95 119 107 137 
0 70 70 70 70 70 70 70 70 70 70 70 70 36 70 70 70 70 70 70 70 0 70 70 70 70 70 70 70 70 
0 122 104 134 98 114 93 110 139 143 93 98 84 36 131 119 83 158 158 160 84 128 0 123 75 104 95 119 107 154 
0 20 20 20 20 20 20 20 20 20 20 20 20 20 20 20 20 20 20 20 20 20 20 0 20 20 20 20 20 20 
0 122 104 134 98 114 93 110 139 143 93 98 84 36 131 119 83 158 158 160 84 128 76 123 0 104 95 119 107 154 
0 77 77 77 77 77 77 77 77 77 77 77 77 36 77 77 77 77 77 77 77 77 76 77 75 0 77 77 77 77 
0 20 20 20 20 20 20 20 20 20 20 20 20 20 20 20 20 20 20 20 20 20 20 20 20 20 0 20 20 20 
0 122 104 134 98 114 93 110 139 143 93 98 84 36 131 119 83 158 158 160 84 128 76 123 75 104 95 0 107 154 
0 119 104 119 98 114 93 110 119 119 93 98 84 36 119 119 83 119 119 119 84 119 76 119 75 104 95 119 0 127 
0 0 0 0 0 0 0 0 0 0 0 0 0 0 0 0 0 0 0 0 0 0 0 0 0 0 0 0 0 0 
0