81 351 30 0
1 25 20
25 3 20
3 11 20
11 21 20
21 18 20
18 10 20
10 29 20
29 23 20
23 24 20
24 27 20
27 15 20
15 8 20
8 13 20
13 2 20
2 6 20
6 19 20
19 9 20
9 17 20
17 7 20
7 22 20
22 16 20
16 5 20
5 12 20
12 14 20
14 20 20
20 26 20
26 4 20
4 28 20
12 30 20
1 3 5
1 9 1
1 27 4
1 10 5
1 7 14
1 12 5
1 8 2
1 5 18
1 23 15
1 18 8
1 30 4
2 12 5
2 20 1
2 10 17
2 29 13
2 23 19
2 7 12
2 16 2
2 27 11
2 25 7
2 3 15
2 11 7
2 24 6
2 8 17
2 15 20
2 9 13
2 26 12
3 4 5
3 24 3
3 13 14
3 23 5
3 17 13
3 28 13
3 14 7
4 6 14
4 16 13
4 11 5
4 19 2
4 12 7
4 13 8
4 2 16
4 21 9
4 14 2
4 5 7
4 27 4
4 25 10
4 18 5
4 15 13
4 23 1
4 20 11
4 8 19
5 18 18
5 3 19
5 28 14
6 21 5
6 14 11
6 10 3
6 28 6
6 29 18
6 26 7
6 20 12
6 12 11
6 15 5
6 13 1
6 17 11
6 22 14
6 23 13
6 27 2
6 3 7
6 25 3
8 5 6
8 26 17
8 17 9
8 22 8
8 19 5
8 9 14
8 21 11
8 6 4
8 27 18
8 23 4
8 29 5
8 7 16
8 28 1
9 10 17
9 7 16
9 29 18
9 27 7
9 14 14
9 12 4
9 11 8
9 18 10
9 28 2
9 16 4
9 3 18
10 3 3
10 13 2
10 17 12
10 4 15
11 10 5
11 14 2
12 7 6
12 11 14
12 24 7
12 22 14
12 17 3
12 16 3
12 23 5
12 21 8
12 19 14
12 20 6
12 29 16
12 15 12
13 15 7
13 26 2
13 7 17
13 19 14
13 11 17
15 10 17
15 11 3
15 19 8
15 9 18
15 3 12
15 7 1
15 28 9
15 20 19
15 17 18
15 16 9
15 14 11
15 25 3
15 23 12
15 29 14
16 11 3
16 28 15
16 23 3
16 6 13
16 20 4
17 16 9
17 13 6
17 21 4
17 26 2
17 19 10
17 4 5
17 2 10
17 29 10
18 15 12
18 28 16
19 28 19
19 11 6
20 5 15
20 7 3
20 24 19
20 22 3
20 17 7
21 25 17
21 29 8
21 2 3
21 24 10
21 20 13
21 7 12
22 5 17
22 4 2
22 18 13
22 24 4
22 13 19
23 5 17
23 18 9
23 17 3
23 27 4
23 22 3
23 10 15
23 9 15
23 7 9
23 13 18
26 27 19
26 3 17
26 23 19
26 5 18
26 21 11
26 19 11
27 29 1
27 22 14
27 10 1
27 21 15
27 28 12
27 20 1
27 11 16
27 16 5
27 12 15
28 29 7
28 21 18
28 25 20
28 23 11
28 2 20
28 11 17
28 14 18
28 13 20
28 17 13
28 24 17
28 22 18
28 20 8
29 16 19
29 13 17
29 5 6
29 20 8
29 18 4
29 19 6
29 7 4
29 14 20
29 3 2
2 30 8
3 30 11
5 30 15
8 30 8
9 30 17
10 30 9
11 30 20
13 30 1
16 30 12
17 30 15
18 30 4
3 31 20
31 25 20
29 32 18
32 10 18
23 33 8
33 29 8
15 34 8
34 27 8
8 35 5
35 15 5
19 36 13
36 6 13
26 37 6
37 20 6
28 38 19
38 4 19
12 39 5
39 2 5
23 40 8
40 2 8
11 41 12
41 2 12
4 42 12
42 3 12
13 43 1
43 3 1
28 44 6
44 3 6
6 45 6
45 4 6
12 46 7
46 4 7
15 47 5
47 4 5
23 48 18
48 4 18
10 49 9
49 6 9
28 50 18
50 6 18
29 51 2
51 6 2
26 52 10
52 6 10
12 53 4
53 6 4
17 54 6
54 6 6
23 55 16
55 6 16
26 56 18
56 8 18
9 57 9
57 8 9
29 58 14
58 8 14
29 59 10
59 9 10
27 60 14
60 9 14
12 61 9
61 9 9
28 62 2
62 9 2
16 63 10
63 9 10
17 64 18
64 10 18
17 65 20
65 12 20
23 66 13
66 12 13
21 67 8
67 12 8
20 68 10
68 12 10
15 69 6
69 12 6
26 70 7
70 13 7
28 71 13
71 15 13
23 72 16
72 15 16
29 73 19
73 15 19
28 74 17
74 16 17
23 75 10
75 16 10
29 76 13
76 17 13
28 77 6
77 18 6
25 78 15
78 21 15
27 79 3
79 23 3
29 80 4
80 27 4
29 81 7
81 28 7
0 94 97 97 97 97 97 97 97 97 97 97 97 97 97 97 97 93 90 97 97 94 97 86 97 60 97 97 97 101 
0 0 132 102 106 129 116 97 125 131 116 119 132 105 142 111 122 85 90 109 116 94 115 86 80 60 97 134 138 140 
0 94 0 95 95 95 95 95 95 95 95 95 95 95 95 95 95 85 90 95 95 94 95 86 80 60 95 95 95 106 
0 94 132 0 106 129 116 97 125 131 116 119 132 105 142 111 122 85 90 109 116 94 115 86 80 60 97 134 138 140 
0 71 71 71 0 71 71 71 71 71 71 71 71 71 71 71 71 71 71 71 71 71 71 71 71 60 71 71 71 86 
0 94 132 102 106 0 116 97 125 131 116 119 132 105 142 111 122 85 90 109 116 94 115 86 80 60 97 134 138 140 
0 20 20 20 20 20 0 20 20 20 20 20 20 20 20 20 20 20 20 20 20 20 20 20 20 20 20 20 20 20 
0 94 132 102 106 129 116 0 125 131 116 119 132 105 142 111 122 85 90 109 116 94 115 86 80 60 97 134 138 140 
0 94 132 102 106 129 116 97 0 131 116 119 132 105 142 111 122 85 90 109 116 94 115 86 80 60 97 134 138 140 
0 61 61 61 61 61 61 61 61 0 61 61 61 61 61 61 61 61 61 61 61 61 61 61 61 60 61 61 61 70 
0 39 39 39 39 39 39 39 39 39 0 39 39 39 39 39 39 39 39 39 39 39 39 39 39 39 39 39 39 59 
0 94 132 102 106 129 116 97 125 131 116 0 132 105 142 111 122 85 90 109 116 94 115 86 80 60 97 134 138 140 
0 78 78 78 78 78 78 78 78 78 78 78 0 78 78 78 78 78 78 78 78 78 78 78 78 60 78 78 78 79 
0 20 20 20 20 20 20 20 20 20 20 20 20 0 20 20 20 20 20 20 20 20 20 20 20 20 20 20 20 20 
0 94 132 102 106 129 116 97 125 131 116 119 132 105 0 111 122 85 90 109 116 94 115 86 80 60 97 134 138 140 
0 68 68 68 68 68 68 68 68 68 68 68 68 68 68 0 68 68 68 68 68 68 68 68 68 60 68 68 68 80 
0 94 120 102 106 120 116 97 120 120 116 119 120 105 120 111 0 85 90 109 116 94 115 86 80 60 97 120 120 135 
0 48 48 48 48 48 48 48 48 48 48 48 48 48 48 48 48 0 48 48 48 48 48 48 48 48 48 48 48 52 
0 58 58 58 58 58 58 58 58 58 58 58 58 58 58 58 58 58 0 58 58 58 58 58 58 58 58 58 58 58 
0 77 77 77 77 77 77 77 77 77 77 77 77 77 77 77 77 77 77 0 77 77 77 77 77 60 77 77 77 77 
0 91 91 91 91 91 91 91 91 91 91 91 91 91 91 91 91 85 90 91 0 91 91 86 80 60 91 91 91 91 
0 75 75 75 75 75 75 75 75 75 75 75 75 75 75 75 75 75 75 75 75 0 75 75 75 60 75 75 75 75 
0 94 132 102 106 129 116 97 125 131 116 119 132 105 142 111 122 85 90 109 116 94 0 86 80 60 97 134 138 140 
0 20 20 20 20 20 20 20 20 20 20 20 20 20 20 20 20 20 20 20 20 20 20 0 20 20 20 20 20 20 
0 35 35 35 35 35 35 35 35 35 35 35 35 35 35 35 35 35 35 35 35 35 35 35 0 35 35 35 35 35 
0 94 132 102 106 129 116 97 125 131 116 119 132 105 142 111 122 85 90 109 116 94 115 86 80 0 97 134 138 140 
0 94 117 102 106 117 116 97 117 117 116 117 117 105 117 111 117 85 90 109 116 94 115 86 80 60 0 117 117 117 
0 94 132 102 106 129 116 97 125 131 116 119 132 105 142 111 122 85 90 109 116 94 115 86 80 60 97 0 138 140 
0 94 132 102 106 129 116 97 125 131 116 119 132 105 142 111 122 85 90 109 116 94 115 86 80 60 97 134 0 140 
0 0 0 0 0 0 0 0 0 0 0 0 0 0 0 0 0 0 0 0 0 0 0 0 0 0 0 0 0 0 
0