71 341 30 0
1 21 20
21 20 20
20 11 20
11 26 20
26 9 20
9 25 20
25 19 20
19 15 20
15 12 20
12 17 20
17 16 20
16 14 20
14 22 20
22 23 20
23 13 20
13 27 20
27 10 20
10 5 20
5 8 20
8 4 20
4 28 20
28 2 20
2 7 20
7 18 20
18 24 20
24 3 20
3 29 20
29 6 20
27 30 20
1 4 15
1 13 9
1 12 10
1 14 10
1 11 5
1 28 17
1 10 17
1 3 14
1 8 17
1 25 9
1 19 12
1 15 6
1 17 6
1 22 14
1 7 19
1 24 6
1 5 7
1 20 8
2 16 20
2 21 1
2 25 3
2 19 20
2 9 7
2 14 10
2 24 15
2 23 13
2 10 15
2 29 10
3 14 10
3 18 11
3 19 9
3 27 12
4 26 1
4 25 18
4 29 8
4 18 1
4 10 20
7 29 6
7 10 1
7 26 9
7 13 18
7 5 20
7 16 19
7 21 1
7 9 10
7 28 14
7 19 3
9 5 19
9 22 7
9 4 10
9 20 14
9 16 16
9 21 4
9 17 2
10 3 20
10 24 12
10 8 9
10 20 19
10 19 18
10 18 11
10 11 16
10 23 20
10 26 19
10 6 19
10 21 12
10 14 18
10 12 10
11 25 3
11 22 19
11 3 10
11 14 20
11 6 19
11 8 17
11 18 11
11 13 7
11 27 17
11 2 14
12 9 7
12 6 16
12 13 2
12 8 19
12 25 20
12 11 10
12 18 16
12 7 16
12 4 16
12 16 19
13 15 11
14 28 19
14 18 18
14 20 12
14 4 9
14 12 18
14 23 16
14 19 10
14 13 20
14 15 9
15 27 4
15 28 6
15 26 18
15 5 10
15 17 16
15 22 13
15 18 9
15 6 11
15 9 13
15 29 16
15 8 6
15 3 12
15 2 12
15 10 13
15 20 8
16 5 7
17 23 18
17 28 17
17 8 17
17 10 19
17 5 20
17 13 17
17 25 1
18 6 13
18 27 6
18 2 16
19 4 4
19 11 3
19 12 12
19 27 12
19 21 12
19 29 9
19 6 1
19 9 17
20 25 12
20 7 13
20 8 5
20 22 9
20 4 7
20 26 17
20 13 19
20 24 7
20 12 17
22 7 15
22 2 6
22 3 18
22 10 3
22 17 4
23 29 13
23 8 7
23 9 11
23 11 19
23 12 5
24 19 9
24 25 13
24 4 1
24 15 7
24 28 15
24 12 7
24 23 9
24 26 3
24 29 8
24 27 13
24 14 19
24 22 20
24 16 2
24 9 19
24 5 10
25 18 17
25 16 4
25 23 11
25 21 11
25 22 6
25 6 3
25 14 11
25 3 5
25 13 16
26 16 7
26 28 15
26 23 15
26 5 2
26 18 16
26 27 6
26 29 9
26 22 6
26 21 11
26 2 10
26 6 13
26 3 16
26 12 18
26 17 3
26 8 4
27 25 8
27 22 6
27 16 16
27 7 13
27 9 15
27 8 6
27 4 15
27 23 7
27 14 13
27 28 18
27 20 9
27 2 13
28 9 20
28 16 14
28 10 1
28 6 4
28 13 18
28 19 7
28 5 7
28 3 6
28 29 1
28 12 8
29 20 12
29 11 2
29 12 14
29 13 14
29 17 17
29 14 17
29 25 18
29 5 5
29 9 4
3 30 13
4 30 17
6 30 15
9 30 20
10 30 4
12 30 12
14 30 9
15 30 2
19 30 11
20 30 10
26 31 12
31 11 12
25 32 2
32 9 2
17 33 5
33 12 5
27 34 10
34 13 10
28 35 12
35 4 12
24 36 6
36 18 6
3 37 4
37 24 4
29 38 9
38 3 9
25 39 10
39 2 10
14 40 12
40 2 12
23 41 2
41 2 2
10 42 11
42 2 11
29 43 9
43 2 9
27 44 14
44 3 14
25 45 12
45 4 12
10 46 9
46 4 9
29 47 17
47 7 17
9 48 14
48 7 14
28 49 7
49 7 7
22 50 2
50 11 2
27 51 7
51 11 7
18 52 8
52 12 8
15 53 12
53 13 12
28 54 10
54 14 10
23 55 4
55 14 4
27 56 2
56 15 2
26 57 10
57 15 10
18 58 5
58 15 5
29 59 17
59 15 17
28 60 16
60 17 16
25 61 7
61 17 7
27 62 6
62 18 6
29 63 7
63 19 7
25 64 2
64 20 2
24 65 9
65 20 9
29 66 19
66 23 19
26 67 19
67 24 19
29 68 11
68 24 11
28 69 4
69 26 4
27 70 6
70 26 6
29 71 14
71 26 14
0 135 144 130 127 119 134 127 145 109 96 152 182 162 87 137 91 142 115 113 72 120 148 94 125 111 90 141 100 133 
0 0 130 115 120 119 115 110 134 92 91 134 134 134 81 134 85 134 103 105 52 106 134 88 116 111 90 124 100 133 
0 66 0 66 66 66 66 66 66 66 66 66 66 66 66 66 66 66 66 66 52 66 66 66 66 66 66 66 66 79 
0 68 68 0 68 68 68 68 68 68 68 68 68 68 68 68 68 68 68 68 52 68 68 68 68 68 68 68 68 85 
0 20 20 20 0 20 20 20 20 20 20 20 20 20 20 20 20 20 20 20 20 20 20 20 20 20 20 20 20 20 
0 0 0 0 0 0 0 0 0 0 0 0 0 0 0 0 0 0 0 0 0 0 0 0 0 0 0 0 0 15 
0 121 121 115 120 119 0 110 121 92 91 121 121 121 81 121 85 121 103 105 52 106 121 88 116 111 90 121 100 121 
0 20 20 20 20 20 20 0 20 20 20 20 20 20 20 20 20 20 20 20 20 20 20 20 20 20 20 20 20 20 
0 106 106 106 106 106 106 106 0 92 91 106 106 106 81 106 85 106 103 105 52 106 106 88 106 106 90 106 100 126 
0 135 130 115 120 119 115 110 145 0 91 142 173 152 81 137 85 142 103 105 52 106 148 88 116 111 90 124 100 133 
0 135 130 115 120 119 115 110 138 92 0 138 138 138 81 137 85 138 103 105 52 106 138 88 116 111 90 124 100 133 
0 135 130 115 120 119 115 110 145 92 91 0 145 145 81 137 85 142 103 105 52 106 145 88 116 111 90 124 100 133 
0 31 31 31 31 31 31 31 31 31 31 31 0 31 31 31 31 31 31 31 31 31 31 31 31 31 31 31 31 31 
0 135 130 115 120 119 115 110 145 92 91 142 163 0 81 137 85 142 103 105 52 106 148 88 116 111 90 124 100 133 
0 135 130 115 120 119 115 110 145 92 91 142 173 152 0 137 85 142 103 105 52 106 148 88 116 111 90 124 100 133 
0 27 27 27 27 27 27 27 27 27 27 27 27 27 27 0 27 27 27 27 27 27 27 27 27 27 27 27 27 27 
0 117 117 115 120 117 115 110 117 92 91 117 117 117 81 117 0 117 103 105 52 106 117 88 116 111 90 117 100 117 
0 55 55 55 55 68 55 55 55 55 55 55 55 55 55 55 55 0 55 55 52 55 55 55 55 55 55 55 55 68 
0 89 89 89 89 90 89 89 89 89 89 89 89 89 81 89 85 89 0 89 52 89 89 88 89 89 89 89 89 101 
0 126 126 115 120 119 115 110 126 92 91 126 126 126 81 126 85 126 103 0 52 106 126 88 116 111 90 124 100 133 
0 20 20 20 20 20 20 20 20 20 20 20 20 20 20 20 20 20 20 20 0 20 20 20 20 20 20 20 20 20 
0 68 68 68 68 68 68 68 68 68 68 68 68 68 68 68 68 68 68 68 52 0 68 68 68 68 68 68 68 68 
0 81 81 81 81 81 81 81 81 81 81 81 81 81 81 81 81 81 81 81 52 81 0 81 81 81 81 81 81 81 
0 135 130 115 120 119 115 110 145 92 91 142 173 152 81 137 85 142 103 105 52 106 148 0 116 111 90 124 100 133 
0 134 130 115 120 119 115 110 134 92 91 134 134 134 81 134 85 134 103 105 52 106 134 88 0 111 90 124 100 133 
0 135 130 115 120 119 115 110 145 92 91 142 173 152 81 137 85 142 103 105 52 106 148 88 116 0 90 124 100 133 
0 135 130 115 120 119 115 110 145 92 91 142 173 152 81 137 85 142 103 105 52 106 148 88 116 111 0 124 100 133 
0 135 130 115 120 119 115 110 145 92 91 142 151 151 81 137 85 142 103 105 52 106 148 88 116 111 90 0 100 133 
0 135 130 115 120 119 115 110 145 92 91 142 173 152 81 137 85 142 103 105 52 106 148 88 116 111 90 124 0 133 
0 0 0 0 0 0 0 0 0 0 0 0 0 0 0 0 0 0 0 0 0 0 0 0 0 0 0 0 0 0 
0