79 349 30 0
1 15 20
15 20 20
20 2 20
2 17 20
17 11 20
11 28 20
28 16 20
16 9 20
9 8 20
8 21 20
21 14 20
14 26 20
26 7 20
7 10 20
10 29 20
29 23 20
23 13 20
13 19 20
19 5 20
5 18 20
18 3 20
3 6 20
6 27 20
27 22 20
22 4 20
4 24 20
24 12 20
12 25 20
16 30 20
1 17 11
1 9 1
1 23 14
1 4 1
1 3 9
1 26 5
1 5 1
1 11 13
1 12 4
1 25 14
1 13 4
1 7 9
1 2 15
1 14 20
1 27 12
1 30 15
2 3 4
2 19 17
3 12 14
3 29 20
3 16 17
3 13 9
3 21 6
3 14 14
3 26 16
3 15 4
3 10 6
3 17 16
4 21 17
4 20 7
4 28 12
4 3 17
4 11 15
4 9 16
4 29 16
5 27 12
5 16 14
5 24 19
5 2 1
5 6 2
5 3 17
5 4 6
6 29 7
6 2 17
6 16 4
7 11 19
7 20 10
7 28 20
7 27 19
7 13 14
7 23 11
7 5 14
8 28 11
8 16 12
8 3 11
8 18 5
8 19 11
8 4 15
8 20 17
8 25 9
8 22 6
8 2 12
9 10 20
9 17 8
9 15 13
9 25 19
9 20 16
10 20 20
10 23 4
10 27 13
10 25 3
11 5 8
11 22 8
11 15 10
11 13 5
11 18 13
11 20 3
11 19 1
11 12 7
12 10 15
12 15 2
12 6 11
13 15 4
13 20 1
13 21 15
13 28 13
13 2 9
14 10 10
14 6 12
14 5 12
14 23 8
14 19 20
14 12 5
14 4 18
14 20 15
14 24 16
14 8 20
14 9 19
14 22 17
14 25 10
14 17 12
14 2 19
15 8 13
15 10 20
16 7 11
16 22 8
16 10 16
16 24 8
16 18 5
16 29 9
16 13 4
16 15 18
16 20 2
16 2 16
17 24 6
17 6 17
17 4 18
17 20 5
17 29 2
17 12 19
17 22 19
17 10 10
17 28 14
17 5 10
17 19 6
17 16 2
17 23 1
18 22 17
18 12 4
18 20 11
18 6 9
18 19 3
18 29 18
18 28 7
18 23 11
18 21 15
18 14 13
18 9 11
19 15 2
19 4 13
19 7 15
19 3 18
20 21 2
20 23 1
20 6 14
20 26 17
20 29 3
20 19 9
20 3 6
22 12 1
22 26 9
22 2 5
22 21 13
22 5 9
22 23 3
23 27 5
23 19 6
23 15 19
23 21 6
23 26 5
23 25 16
23 5 1
23 11 13
24 27 5
24 25 13
24 21 1
24 7 5
24 20 7
24 13 9
24 19 18
24 28 5
24 23 9
24 3 17
25 5 7
25 20 11
26 9 6
26 29 20
26 18 3
26 15 3
26 2 20
26 6 7
26 5 12
26 12 7
26 28 17
26 11 18
27 11 13
27 9 5
27 4 1
27 29 3
27 19 10
27 13 17
27 26 16
27 28 20
27 17 18
27 12 4
27 16 15
27 21 17
27 20 1
28 20 11
28 22 3
28 23 15
28 2 7
28 14 10
28 6 12
28 25 18
28 21 7
28 3 18
28 12 19
29 11 2
29 22 3
29 7 19
29 13 8
29 24 14
29 15 4
29 2 5
29 14 11
29 19 6
29 28 8
29 8 10
4 30 9
6 30 19
9 30 17
2 31 3
31 20 3
11 32 19
32 17 19
16 33 8
33 28 8
14 34 9
34 21 9
26 35 15
35 14 15
29 36 1
36 10 1
18 37 3
37 5 3
27 38 5
38 6 5
4 39 11
39 22 11
24 40 13
40 4 13
16 41 17
41 3 17
14 42 2
42 3 2
26 43 16
43 3 16
17 44 15
44 3 15
20 45 10
45 4 10
28 46 17
46 4 17
11 47 10
47 4 10
29 48 5
48 4 5
29 49 2
49 6 2
27 50 6
50 7 6
28 51 5
51 8 5
25 52 16
52 8 16
22 53 7
53 8 7
17 54 2
54 9 2
20 55 17
55 9 17
23 56 10
56 10 10
27 57 13
57 10 13
18 58 17
58 11 17
28 59 8
59 13 8
19 60 1
60 14 1
20 61 19
61 14 19
24 62 10
62 14 10
24 63 7
63 16 7
29 64 20
64 16 20
20 65 16
65 16 16
28 66 11
66 17 11
22 67 14
67 18 14
20 68 1
68 18 1
19 69 13
69 18 13
28 70 2
70 18 2
26 71 11
71 20 11
26 72 1
72 22 1
27 73 18
73 23 18
26 74 10
74 23 10
27 75 15
75 24 15
28 76 20
76 24 20
28 77 20
77 26 20
29 78 2
78 27 2
28 79 2
79 27 2
0 146 153 147 97 111 85 91 97 141 130 104 98 133 99 127 115 76 127 153 128 113 125 118 122 108 90 153 118 80 
0 0 44 44 44 44 44 44 44 44 44 44 44 44 44 44 44 44 44 44 44 44 44 44 44 44 44 44 44 44 
0 131 0 142 96 111 76 91 96 141 117 100 94 113 79 127 104 76 127 142 128 113 111 118 108 103 78 142 118 65 
0 131 131 0 96 111 76 91 96 131 117 100 94 113 79 127 104 76 127 131 128 113 111 118 108 103 78 131 118 65 
0 91 91 91 0 91 76 91 91 91 91 91 91 91 79 91 91 76 91 91 91 91 91 91 91 91 78 91 91 65 
0 48 48 48 48 0 48 48 48 48 48 48 48 48 48 48 48 48 48 48 48 48 48 48 48 48 48 48 48 65 
0 127 127 127 96 111 0 91 96 127 117 100 94 113 79 127 104 76 127 127 127 113 111 118 108 103 78 127 118 65 
0 129 129 129 96 111 76 0 96 129 117 100 94 113 79 127 104 76 127 129 128 113 111 118 108 103 78 129 118 65 
0 96 96 96 96 96 76 91 0 96 96 96 94 96 79 96 96 76 96 96 96 96 96 96 96 96 78 96 96 65 
0 60 60 60 60 60 60 60 60 0 60 60 60 60 60 60 60 60 60 60 60 60 60 60 60 60 60 60 60 60 
0 104 104 104 96 104 76 91 96 104 0 100 94 104 79 104 104 76 104 104 104 104 104 104 104 103 78 104 104 65 
0 48 48 48 48 48 48 48 48 48 48 0 48 48 48 48 48 48 48 48 48 48 48 48 48 48 48 48 48 48 
0 62 62 62 62 62 62 62 62 62 62 62 0 62 62 62 62 62 62 62 62 62 62 62 62 62 62 62 62 62 
0 131 178 146 96 111 76 91 96 141 117 100 94 0 79 127 104 76 127 171 128 113 111 118 108 103 78 155 118 65 
0 53 53 53 53 53 53 53 53 53 53 53 53 53 0 53 53 53 53 53 53 53 53 53 53 53 53 53 53 53 
0 131 142 142 96 111 76 91 96 141 117 100 94 113 79 0 104 76 127 142 128 113 111 118 108 103 78 142 118 65 
0 131 166 146 96 111 76 91 96 141 117 100 94 113 79 127 0 76 127 166 128 113 111 118 108 103 78 155 118 65 
0 131 159 146 96 111 76 91 96 141 117 100 94 113 79 127 104 0 127 159 128 113 111 118 108 103 78 155 118 65 
0 82 82 82 82 82 76 82 82 82 82 82 82 82 79 82 82 76 0 82 82 82 82 82 82 82 78 82 82 65 
0 131 135 135 96 111 76 91 96 135 117 100 94 113 79 127 104 76 127 0 128 113 111 118 108 103 78 135 118 65 
0 20 20 20 20 20 20 20 20 20 20 20 20 20 20 20 20 20 20 20 0 20 20 20 20 20 20 20 20 20 
0 81 81 81 81 81 76 81 81 81 81 81 81 81 79 81 81 76 81 81 81 0 81 81 81 81 78 81 81 65 
0 101 101 101 96 101 76 91 96 101 101 100 94 101 79 101 101 76 101 101 101 101 0 101 101 101 78 101 101 65 
0 131 139 139 96 111 76 91 96 139 117 100 94 113 79 127 104 76 127 139 128 113 111 0 108 103 78 139 118 65 
0 34 34 34 34 34 34 34 34 34 34 34 34 34 34 34 34 34 34 34 34 34 34 34 0 34 34 34 34 34 
0 131 178 146 96 111 76 91 96 141 117 100 94 113 79 127 104 76 127 171 128 113 111 118 108 0 78 155 118 65 
0 131 178 146 96 111 76 91 96 141 117 100 94 113 79 127 104 76 127 171 128 113 111 118 108 103 0 155 118 65 
0 131 178 146 96 111 76 91 96 141 117 100 94 113 79 127 104 76 127 171 128 113 111 118 108 103 78 0 118 65 
0 131 140 140 96 111 76 91 96 140 117 100 94 113 79 127 104 76 127 140 128 113 111 118 108 103 78 140 0 65 
0 0 0 0 0 0 0 0 0 0 0 0 0 0 0 0 0 0 0 0 0 0 0 0 0 0 0 0 0 0 
0