75 345 30 0
1 17 20
17 5 20
5 23 20
23 15 20
15 22 20
22 20 20
20 29 20
29 9 20
9 14 20
14 24 20
24 11 20
11 12 20
12 27 20
27 3 20
3 28 20
28 2 20
2 16 20
16 21 20
21 6 20
6 8 20
8 7 20
7 18 20
18 13 20
13 25 20
25 26 20
26 19 20
19 4 20
4 10 20
2 30 20
1 2 1
1 10 11
1 24 11
1 13 7
1 26 2
1 7 16
1 9 19
1 6 10
1 14 2
1 5 6
1 15 16
1 22 13
1 19 1
1 29 20
1 18 20
1 8 7
1 23 16
1 27 20
1 30 8
2 18 1
2 20 5
2 25 14
2 8 16
2 21 10
2 27 15
2 19 18
2 23 14
2 10 5
2 12 19
2 11 5
2 7 3
3 2 14
3 8 7
3 4 10
3 6 11
3 12 5
3 15 18
3 10 17
3 19 6
3 5 6
3 20 5
4 11 2
4 13 10
4 16 2
4 2 14
4 28 15
4 12 13
4 26 4
4 27 11
4 14 13
4 24 6
4 17 10
4 22 9
4 18 3
4 15 20
4 29 10
5 22 5
5 29 6
5 7 14
5 2 13
5 10 2
5 25 17
5 27 19
5 12 11
5 13 10
5 11 7
5 14 8
6 29 5
6 27 14
6 17 6
6 4 1
6 7 2
6 24 7
6 28 20
6 13 9
6 11 20
6 18 13
6 9 8
6 14 15
6 25 16
7 25 10
7 19 2
7 17 5
7 26 18
7 4 14
7 16 12
7 20 14
7 28 2
7 12 8
7 23 8
7 14 8
7 29 17
7 11 20
7 9 17
7 22 15
7 10 13
7 21 5
7 13 20
9 19 2
9 12 13
9 21 16
9 3 1
9 24 19
10 9 11
10 19 17
10 13 8
10 28 8
10 23 13
10 15 10
10 29 2
10 16 9
10 11 20
10 14 20
10 6 13
11 25 13
11 8 4
11 20 19
11 3 4
11 15 3
11 14 6
11 9 15
11 21 11
11 27 18
11 18 11
11 22 20
12 6 10
12 28 18
12 22 2
12 10 13
12 17 1
12 13 15
12 15 17
13 14 15
13 17 20
13 8 6
13 2 9
13 15 15
15 27 17
15 26 5
15 5 13
16 25 8
16 28 16
16 27 17
16 18 7
16 3 10
17 21 7
17 23 8
17 2 12
17 14 12
18 17 16
18 24 7
18 26 3
18 25 2
18 12 15
18 28 4
18 8 4
19 8 20
19 22 14
19 27 5
19 29 1
19 12 15
19 6 11
19 20 3
19 23 1
19 5 5
19 18 2
19 16 10
19 15 15
20 13 7
20 14 4
20 18 9
20 23 9
20 24 13
20 28 15
20 9 4
20 17 2
20 15 13
20 5 1
20 21 13
20 8 12
20 10 17
20 26 10
20 27 14
21 18 15
21 24 5
21 15 18
21 23 8
21 28 10
21 10 18
22 23 4
22 13 8
22 25 17
22 2 8
22 29 8
22 16 5
22 26 16
23 6 1
24 13 11
24 29 9
24 26 1
24 12 5
24 23 8
24 10 7
24 8 11
24 2 10
24 3 6
25 4 4
25 9 3
25 28 15
25 10 4
25 29 13
25 21 10
25 23 20
25 12 12
26 17 3
26 23 16
26 16 9
26 9 1
26 2 8
26 10 3
26 29 14
26 13 12
26 6 14
27 22 3
28 8 15
28 11 15
20 31 15
31 22 15
24 32 13
32 14 13
21 33 11
33 16 11
6 34 8
34 21 8
8 35 2
35 6 2
26 36 10
36 25 10
4 37 17
37 19 17
18 38 3
38 2 3
20 39 1
39 2 1
21 40 10
40 2 10
19 41 15
41 2 15
4 42 3
42 3 3
10 43 15
43 3 15
19 44 2
44 3 2
12 45 4
45 4 4
17 46 9
46 4 9
18 47 6
47 4 6
25 48 2
48 5 2
12 49 9
49 5 9
11 50 10
50 5 10
24 51 12
51 6 12
13 52 16
52 6 16
11 53 10
53 6 10
18 54 12
54 6 12
25 55 18
55 6 18
25 56 17
56 7 17
26 57 16
57 7 16
11 58 11
58 7 11
21 59 11
59 7 11
24 60 17
60 9 17
19 61 9
61 10 9
13 62 3
62 10 3
11 63 19
63 10 19
25 64 9
64 11 9
21 65 6
65 11 6
18 66 19
66 11 19
13 67 19
67 12 19
25 68 3
68 16 3
18 69 2
69 16 2
21 70 3
70 17 3
24 71 4
71 18 4
25 72 18
72 18 18
20 73 12
73 19 12
21 74 10
74 20 10
24 75 19
75 21 19
0 138 61 68 72 160 110 122 115 161 143 155 137 136 165 83 86 123 95 76 119 116 145 88 127 79 170 143 125 28 
0 0 61 68 66 145 94 115 96 145 143 145 130 134 145 83 66 103 94 76 119 103 129 77 127 77 145 143 105 20 
0 119 0 68 66 119 94 115 96 119 119 119 119 119 119 83 66 103 94 76 119 103 119 77 119 77 119 119 105 20 
0 137 61 0 66 150 94 115 96 150 143 155 130 134 149 83 66 103 94 76 119 103 129 77 127 77 150 143 105 20 
0 132 61 68 0 132 94 115 96 132 132 132 130 132 132 83 66 103 94 76 119 103 129 77 127 77 132 132 105 20 
0 137 61 68 66 0 94 115 96 150 143 155 130 134 149 83 66 103 94 76 119 103 129 77 127 77 150 143 105 20 
0 137 61 68 66 150 0 115 96 150 143 155 130 134 149 83 66 103 94 76 119 103 129 77 127 77 150 143 105 20 
0 22 22 22 22 22 22 0 22 22 22 22 22 22 22 22 22 22 22 22 22 22 22 22 22 22 22 22 22 20 
0 71 61 68 66 71 71 71 0 71 71 71 71 71 71 71 66 71 71 71 71 71 71 71 71 71 71 71 71 20 
0 137 61 68 66 146 94 115 96 0 143 146 130 134 146 83 66 103 94 76 119 103 129 77 127 77 146 143 105 20 
0 137 61 68 66 150 94 115 96 150 0 155 130 134 149 83 66 103 94 76 119 103 129 77 127 77 150 143 105 20 
0 109 61 68 66 109 94 109 96 109 109 0 109 109 109 83 66 103 94 76 109 103 109 77 109 77 109 109 105 20 
0 123 61 68 66 123 94 115 96 123 123 123 0 123 123 83 66 103 94 76 119 103 123 77 123 77 123 123 105 20 
0 20 20 20 20 20 20 20 20 20 20 20 20 0 20 20 20 20 20 20 20 20 20 20 20 20 20 20 20 20 
0 55 55 55 55 55 55 55 55 55 55 55 55 55 0 55 55 55 55 55 55 55 55 55 55 55 55 55 55 20 
0 78 61 68 66 78 78 78 78 78 78 78 78 78 78 0 66 78 78 76 78 78 78 77 78 77 78 78 78 20 
0 68 61 68 66 68 68 68 68 68 68 68 68 68 68 68 0 68 68 68 68 68 68 68 68 68 68 68 68 20 
0 113 61 68 66 113 94 113 96 113 113 113 113 113 113 83 66 0 94 76 113 103 113 77 113 77 113 113 105 20 
0 137 61 68 66 148 94 115 96 148 143 148 130 134 148 83 66 103 0 76 119 103 129 77 127 77 148 143 105 20 
0 137 61 68 66 150 94 115 96 150 143 155 130 134 149 83 66 103 94 0 119 103 129 77 127 77 150 143 105 20 
0 137 61 68 66 145 94 115 96 145 143 145 130 134 145 83 66 103 94 76 0 103 129 77 127 77 145 143 105 20 
0 86 61 68 66 86 86 86 86 86 86 86 86 86 86 83 66 86 86 76 86 0 86 77 86 77 86 86 86 20 
0 21 21 21 21 21 21 21 21 21 21 21 21 21 21 21 21 21 21 21 21 21 0 21 21 21 21 21 21 20 
0 137 61 68 66 140 94 115 96 140 140 140 130 134 140 83 66 103 94 76 119 103 129 0 127 77 140 140 105 20 
0 137 61 68 66 150 94 115 96 150 143 155 130 134 149 83 66 103 94 76 119 103 129 77 0 77 150 143 105 20 
0 126 61 68 66 126 94 115 96 126 126 126 126 126 126 83 66 103 94 76 119 103 126 77 126 0 126 126 105 20 
0 23 23 23 23 23 23 23 23 23 23 23 23 23 23 23 23 23 23 23 23 23 23 23 23 23 0 23 23 20 
0 50 50 50 50 50 50 50 50 50 50 50 50 50 50 50 50 50 50 50 50 50 50 50 50 50 50 0 50 20 
0 20 20 20 20 20 20 20 20 20 20 20 20 20 20 20 20 20 20 20 20 20 20 20 20 20 20 20 0 20 
0 0 0 0 0 0 0 0 0 0 0 0 0 0 0 0 0 0 0 0 0 0 0 0 0 0 0 0 0 0 
0