71 341 30 0
1 9 20
9 10 20
10 20 20
20 23 20
23 11 20
11 12 20
12 8 20
8 21 20
21 4 20
4 28 20
28 16 20
16 24 20
24 26 20
26 5 20
5 2 20
2 19 20
19 6 20
6 7 20
7 17 20
17 15 20
15 14 20
14 29 20
29 22 20
22 25 20
25 3 20
3 27 20
27 13 20
13 18 20
24 30 20
1 26 4
2 27 15
2 22 16
2 8 16
2 14 11
2 15 4
2 23 17
2 7 13
3 28 15
3 29 13
3 19 18
3 14 14
3 5 9
3 2 15
3 16 10
3 11 3
3 15 6
5 19 8
5 25 2
5 13 3
5 15 2
5 8 7
5 27 10
6 25 18
6 9 16
6 28 4
6 4 3
6 15 12
6 10 6
6 26 7
6 29 20
6 22 7
6 23 3
6 2 1
6 16 9
6 24 20
6 17 11
6 14 20
6 27 20
6 8 19
6 20 7
7 18 20
7 15 8
7 8 16
7 29 15
7 5 4
7 19 2
7 22 19
7 10 9
7 14 11
8 29 12
8 28 1
8 19 12
8 26 16
8 27 1
8 14 14
8 24 1
8 11 11
9 20 18
9 11 5
9 18 2
9 26 3
9 17 2
9 7 19
9 13 17
9 8 13
9 5 2
9 23 15
9 2 4
9 19 7
9 25 10
10 25 10
10 8 13
10 12 14
10 3 7
10 5 1
10 11 20
10 27 17
10 2 6
10 29 8
10 16 6
10 17 17
11 16 11
11 13 7
11 29 4
11 15 2
12 28 17
12 6 9
12 26 4
12 27 11
12 5 19
12 16 1
12 13 18
12 7 3
12 21 17
13 16 8
13 4 4
14 21 9
14 12 7
14 26 18
14 5 15
14 23 20
14 18 7
14 11 18
14 20 16
15 23 2
16 26 13
16 15 16
16 20 13
17 8 7
17 12 14
17 11 2
17 25 15
17 29 10
17 16 17
17 13 4
17 21 9
18 11 4
18 19 6
18 29 2
18 16 15
18 25 14
18 24 20
18 15 18
18 27 1
19 23 5
20 24 14
20 8 1
20 5 13
20 2 2
20 21 10
20 26 1
20 28 10
20 12 14
20 15 9
20 29 12
20 22 6
20 27 14
21 11 17
21 23 12
21 3 9
21 25 11
21 22 2
21 6 9
21 26 7
21 2 13
21 9 6
23 12 5
23 5 15
23 18 1
23 10 11
23 3 9
23 29 15
23 8 3
23 28 10
23 22 7
23 13 3
24 13 15
24 23 1
24 11 6
24 4 9
24 19 6
24 22 9
24 14 6
24 15 3
24 17 10
24 9 11
24 7 2
24 25 17
24 2 3
25 26 6
25 11 10
25 7 1
26 17 18
26 10 4
26 2 19
26 7 2
26 3 10
27 9 2
27 24 2
27 7 7
27 11 2
27 23 5
27 17 16
27 19 12
27 29 16
27 16 2
27 25 8
27 28 17
27 14 15
27 15 5
27 26 3
28 22 16
28 17 15
28 10 11
28 7 19
28 11 15
28 5 14
28 2 1
28 21 8
28 18 14
28 26 9
28 25 12
29 24 6
29 25 2
29 4 5
29 12 12
29 5 6
29 15 20
29 9 13
29 16 16
29 26 3
29 28 2
29 21 17
3 30 19
6 30 1
7 30 5
8 30 16
9 30 5
10 30 4
11 30 12
17 30 20
20 30 18
22 30 10
23 30 15
25 30 11
26 30 11
27 30 20
28 30 15
29 30 3
23 31 14
31 20 14
21 32 16
32 8 16
28 33 19
33 4 19
6 34 18
34 19 18
7 35 6
35 6 6
17 36 15
36 7 15
14 37 19
37 15 19
29 38 12
38 14 12
3 39 13
39 25 13
27 40 15
40 2 15
27 41 4
41 5 4
9 42 3
42 6 3
26 43 8
43 6 8
20 44 14
44 6 14
8 45 1
45 7 1
29 46 18
46 7 18
10 47 11
47 7 11
14 48 8
48 7 8
28 49 11
49 8 11
11 50 1
50 9 1
17 51 1
51 9 1
23 52 2
52 9 2
27 53 10
53 10 10
16 54 11
54 11 11
21 55 8
55 14 8
26 56 16
56 14 16
23 57 20
57 14 20
20 58 11
58 14 11
20 59 12
59 16 12
29 60 8
60 17 8
21 61 2
61 17 2
24 62 15
62 20 15
21 63 11
63 20 11
28 64 15
64 20 15
29 65 14
65 20 14
27 66 11
66 20 11
25 67 7
67 21 7
29 68 8
68 23 8
28 69 7
69 23 7
25 70 16
70 24 16
29 71 17
71 27 17
0 24 24 24 24 24 24 24 24 24 24 24 24 24 24 24 24 24 24 24 24 24 24 24 24 24 24 24 24 24 
0 0 55 60 112 69 112 112 52 71 112 86 87 112 112 112 112 64 109 112 97 102 112 99 112 110 112 96 112 112 
0 99 0 60 122 69 136 136 52 71 136 86 87 136 136 127 119 64 109 136 97 102 115 99 136 110 126 96 136 155 
0 20 20 0 20 20 20 20 20 20 20 20 20 20 20 20 20 20 20 20 20 20 20 20 20 20 20 20 20 20 
0 52 52 52 0 52 52 52 52 52 52 52 52 52 52 52 52 52 52 52 52 52 52 52 52 52 52 52 52 52 
0 99 55 60 122 0 139 142 52 71 144 86 87 178 144 127 119 64 109 154 97 102 115 99 152 110 126 96 147 205 
0 99 55 60 122 69 0 130 52 71 130 86 87 130 130 127 119 64 109 130 97 102 115 99 130 110 126 96 130 135 
0 89 55 60 89 69 89 0 52 71 89 86 87 89 89 89 89 64 89 89 89 89 89 89 89 89 89 89 89 105 
0 99 55 60 122 69 139 140 0 71 140 86 87 140 140 127 119 64 109 140 97 102 115 99 140 110 126 96 140 145 
0 99 55 60 122 69 139 142 52 0 144 86 87 150 144 127 119 64 109 150 97 102 115 99 150 110 126 96 147 154 
0 45 45 45 45 45 45 45 45 45 0 45 45 45 45 45 45 45 45 45 45 45 45 45 45 45 45 45 45 57 
0 99 55 60 119 69 119 119 52 71 119 0 87 119 119 119 119 64 109 119 97 102 115 99 119 110 119 96 119 119 
0 32 32 32 32 32 32 32 32 32 32 32 0 32 32 32 32 32 32 32 32 32 32 32 32 32 32 32 32 32 
0 99 55 60 122 69 139 140 52 71 140 86 87 0 144 127 119 64 109 140 97 102 115 99 140 110 126 96 140 140 
0 22 22 22 22 22 22 22 22 22 22 22 22 22 0 22 22 22 22 22 22 22 22 22 22 22 22 22 22 22 
0 73 55 60 73 69 73 73 52 71 73 73 73 73 73 0 73 64 73 73 73 73 73 73 73 73 73 73 73 73 
0 99 55 60 114 69 114 114 52 71 114 86 87 114 114 114 0 64 109 114 97 102 114 99 114 110 114 96 114 134 
0 80 55 60 80 69 80 80 52 71 80 80 80 80 80 80 80 0 80 80 80 80 80 80 80 80 80 80 80 80 
0 25 25 25 25 25 25 25 25 25 25 25 25 25 25 25 25 25 0 25 25 25 25 25 25 25 25 25 25 25 
0 99 55 60 122 69 139 142 52 71 144 86 87 163 144 127 119 64 109 0 97 102 115 99 152 110 126 96 147 181 
0 99 55 60 122 69 139 142 52 71 143 86 87 143 143 127 119 64 109 143 0 102 115 99 143 110 126 96 143 143 
0 20 20 20 20 20 20 20 20 20 20 20 20 20 20 20 20 20 20 20 20 0 20 20 20 20 20 20 20 30 
0 99 55 60 122 69 135 135 52 71 135 86 87 135 135 127 119 64 109 135 97 102 0 99 135 110 126 96 135 150 
0 99 55 60 122 69 133 133 52 71 133 86 87 133 133 127 119 64 109 133 97 102 115 0 133 110 126 96 133 153 
0 60 55 60 60 60 60 60 52 60 60 60 60 60 60 60 60 60 60 60 60 60 60 60 0 60 60 60 60 71 
0 97 55 60 97 69 97 97 52 71 97 86 87 97 97 97 97 64 97 97 97 97 97 97 97 0 97 96 97 108 
0 99 55 60 122 69 139 142 52 71 144 86 87 172 144 127 119 64 109 154 97 102 115 99 152 110 0 96 147 192 
0 99 55 60 122 69 139 142 52 71 144 86 87 178 144 127 119 64 109 154 97 102 115 99 152 110 126 0 147 202 
0 99 55 60 122 69 139 142 52 71 144 86 87 178 144 127 119 64 109 154 97 102 115 99 152 110 126 96 0 202 
0 0 0 0 0 0 0 0 0 0 0 0 0 0 0 0 0 0 0 0 0 0 0 0 0 0 0 0 0 0 
0