79 349 30 0
1 2 20
2 28 20
28 26 20
26 6 20
6 24 20
24 11 20
11 3 20
3 20 20
20 29 20
29 5 20
5 16 20
16 14 20
14 10 20
10 19 20
19 23 20
23 21 20
21 17 20
17 7 20
7 8 20
8 15 20
15 13 20
13 25 20
25 4 20
4 9 20
9 18 20
18 27 20
27 12 20
12 22 20
14 30 20
1 20 20
1 7 18
1 25 18
1 19 20
1 13 5
1 27 11
1 3 11
1 10 11
1 16 8
1 14 19
1 9 17
1 5 19
1 28 4
1 22 5
1 17 6
1 29 15
1 23 10
1 15 16
1 8 14
2 25 3
2 22 14
2 5 2
2 6 11
2 26 10
3 23 12
3 19 4
3 8 3
4 11 13
5 20 16
6 16 19
7 24 9
7 14 5
7 25 2
7 27 2
7 15 12
7 12 19
7 5 18
8 9 20
8 23 3
8 19 19
8 24 20
8 26 19
8 18 15
8 16 7
8 28 10
8 5 7
8 4 9
8 14 19
8 10 5
9 10 3
9 7 7
9 5 13
9 2 13
9 12 4
9 28 19
9 16 15
9 26 16
9 11 9
9 22 6
9 21 11
9 27 15
9 3 7
10 17 9
10 5 6
10 12 9
10 3 12
10 6 3
10 28 11
10 21 16
10 22 10
10 7 12
10 20 10
10 13 10
10 27 10
10 25 14
10 18 6
12 15 7
12 20 16
12 4 13
12 17 1
12 6 16
12 28 20
12 11 12
13 19 17
13 27 9
13 21 18
13 17 1
13 5 11
13 22 10
14 3 3
14 28 8
14 22 11
15 14 8
15 21 10
15 24 8
15 19 16
15 22 19
15 17 13
15 27 3
15 3 12
16 15 14
16 17 8
16 29 14
16 27 15
16 28 1
16 7 20
16 20 16
16 11 16
16 19 2
16 13 20
16 18 1
16 21 12
16 3 3
16 22 8
17 24 8
17 27 17
19 17 8
19 27 19
19 6 17
20 6 2
20 14 19
20 7 10
20 25 9
20 23 3
20 26 18
20 28 14
20 8 15
21 27 14
21 2 6
21 4 1
22 11 3
22 7 12
22 4 5
22 8 11
22 3 14
22 17 20
22 18 3
22 21 6
22 19 13
22 28 7
22 29 13
22 20 3
24 13 13
24 3 20
24 27 14
24 5 20
24 21 20
24 20 2
24 9 18
24 4 7
25 8 14
25 22 7
25 3 5
25 5 3
25 19 9
25 16 16
25 6 5
25 9 19
25 24 8
25 12 13
25 18 5
25 15 17
25 21 4
25 28 18
25 29 15
26 7 8
26 27 16
26 29 17
26 19 20
26 3 2
26 18 12
26 25 11
26 10 2
26 24 16
26 22 17
26 11 3
26 12 4
26 17 18
26 16 3
27 6 9
27 28 14
27 8 10
27 5 2
27 22 5
27 3 12
27 20 13
27 25 8
27 2 13
27 4 9
27 11 16
28 5 11
28 23 14
28 24 20
28 29 12
28 15 7
28 17 6
28 4 17
28 3 11
28 18 1
28 6 13
29 14 12
29 9 12
29 3 1
29 7 17
29 24 9
29 23 20
29 6 5
29 12 17
29 10 17
29 4 19
29 2 9
29 21 15
29 19 6
29 8 3
4 30 14
6 30 4
7 30 13
9 30 16
10 30 12
11 30 9
12 30 7
13 30 5
28 31 8
31 2 8
20 32 12
32 3 12
16 33 8
33 5 8
10 34 19
34 14 19
8 35 15
35 7 15
15 36 10
36 8 10
13 37 7
37 15 7
27 38 5
38 18 5
25 39 4
39 2 4
26 40 18
40 2 18
19 41 11
41 3 11
8 42 14
42 3 14
20 43 19
43 5 19
25 44 13
44 7 13
15 45 9
45 7 9
9 46 20
46 8 20
26 47 3
47 8 3
16 48 10
48 8 10
12 49 1
49 9 1
16 50 6
50 9 6
26 51 1
51 9 1
27 52 3
52 9 3
12 53 13
53 10 13
28 54 16
54 10 16
20 55 13
55 10 13
27 56 2
56 10 2
20 57 3
57 12 3
28 58 2
58 12 2
27 59 3
59 13 3
21 60 5
60 13 5
28 61 9
61 14 9
22 62 18
62 14 18
19 63 8
63 15 8
17 64 7
64 15 7
19 65 13
65 16 13
22 66 6
66 16 6
27 67 1
67 19 1
25 68 13
68 20 13
26 69 16
69 20 16
28 70 14
70 20 14
28 71 19
71 22 19
29 72 12
72 22 12
27 73 15
73 24 15
28 74 4
74 25 4
29 75 19
75 25 19
27 76 18
76 26 18
29 77 19
77 26 19
28 78 3
78 27 3
29 79 7
79 28 7
0 91 170 100 159 101 161 133 117 102 92 91 76 148 115 107 110 68 147 159 132 163 82 133 108 120 168 153 106 100 
0 0 60 60 60 60 60 60 60 60 60 60 60 60 60 60 60 60 60 60 60 60 60 60 60 60 60 60 60 60 
0 39 0 39 39 39 39 39 39 39 39 39 39 39 39 39 39 39 39 39 39 39 39 39 39 39 39 39 39 39 
0 33 33 0 33 33 33 33 33 33 33 33 33 33 33 33 33 33 33 33 33 33 33 33 33 33 33 33 33 47 
0 36 36 36 0 36 36 36 36 36 36 36 36 36 36 36 36 36 36 36 36 36 36 36 36 36 36 36 36 36 
0 39 39 39 39 0 39 39 39 39 39 39 39 39 39 39 39 39 39 39 39 39 39 39 39 39 39 39 39 43 
0 71 87 87 87 87 0 87 87 87 87 87 71 87 87 87 87 68 87 87 87 87 72 87 87 87 87 87 87 100 
0 71 159 100 140 101 143 0 100 91 92 91 71 129 99 99 104 68 127 139 132 158 72 133 90 120 157 149 91 100 
0 71 159 100 140 101 143 119 0 91 92 91 71 129 99 99 104 68 127 139 132 158 72 133 90 120 157 149 91 100 
0 71 159 100 140 101 143 119 100 0 92 91 71 129 99 99 104 68 127 139 132 158 72 133 90 120 157 149 91 100 
0 20 20 20 20 20 20 20 20 20 0 20 20 20 20 20 20 20 20 20 20 20 20 20 20 20 20 20 20 29 
0 71 119 100 119 101 119 119 100 91 92 0 71 119 99 99 104 68 119 119 119 119 72 119 90 119 119 119 91 100 
0 71 93 93 93 93 93 93 93 91 92 91 0 93 93 93 93 68 93 93 93 93 72 93 90 93 93 93 91 98 
0 42 42 42 42 42 42 42 42 42 42 42 42 0 42 42 42 42 42 42 42 42 42 42 42 42 42 42 42 62 
0 71 128 100 128 101 128 119 100 91 92 91 71 128 0 99 104 68 127 128 128 128 72 128 90 120 128 128 91 100 
0 71 159 100 140 101 143 119 100 91 92 91 71 129 99 0 104 68 127 139 132 158 72 133 90 120 157 149 91 100 
0 52 52 52 52 52 52 52 52 52 52 52 52 52 52 52 0 52 52 52 52 52 52 52 52 52 52 52 52 52 
0 20 20 20 20 20 20 20 20 20 20 20 20 20 20 20 20 0 20 20 20 20 20 20 20 20 20 20 20 20 
0 71 96 96 96 96 96 96 96 91 92 91 71 96 96 96 96 68 0 96 96 96 72 96 90 96 96 96 91 96 
0 71 157 100 140 101 143 119 100 91 92 91 71 129 99 99 104 68 127 0 132 157 72 133 90 120 157 149 91 100 
0 46 46 46 46 46 46 46 46 46 46 46 46 46 46 46 46 46 46 46 0 46 46 46 46 46 46 46 46 46 
0 71 134 100 134 101 134 119 100 91 92 91 71 129 99 99 104 68 127 134 132 0 72 133 90 120 134 134 91 100 
0 20 20 20 20 20 20 20 20 20 20 20 20 20 20 20 20 20 20 20 20 20 0 20 20 20 20 20 20 20 
0 71 134 100 133 101 133 119 100 91 92 91 71 129 99 99 104 68 127 133 132 133 72 0 90 120 133 133 91 100 
0 71 159 100 140 101 143 119 100 91 92 91 71 129 99 99 104 68 127 139 132 158 72 133 0 120 157 149 91 100 
0 71 159 100 140 101 143 119 100 91 92 91 71 129 99 99 104 68 127 139 132 158 72 133 90 0 157 149 91 100 
0 71 159 100 140 101 143 119 100 91 92 91 71 129 99 99 104 68 127 139 132 158 72 133 90 120 0 149 91 100 
0 71 159 100 140 101 143 119 100 91 92 91 71 129 99 99 104 68 127 139 132 158 72 133 90 120 157 0 91 100 
0 71 159 100 140 101 143 119 100 91 92 91 71 129 99 99 104 68 127 139 132 158 72 133 90 120 157 149 0 100 
0 0 0 0 0 0 0 0 0 0 0 0 0 0 0 0 0 0 0 0 0 0 0 0 0 0 0 0 0 0 
0