84 354 30 0
1 4 20
4 23 20
23 8 20
8 17 20
17 12 20
12 9 20
9 13 20
13 24 20
24 27 20
27 25 20
25 21 20
21 18 20
18 15 20
15 28 20
28 29 20
29 14 20
14 22 20
22 11 20
11 7 20
7 16 20
16 20 20
20 26 20
26 10 20
10 6 20
6 3 20
3 2 20
2 19 20
19 5 20
12 30 20
1 24 11
1 29 18
1 17 14
1 19 16
2 5 18
2 29 10
2 14 18
2 25 18
2 13 19
2 10 12
3 8 4
3 27 7
3 26 19
3 11 14
3 4 19
3 21 16
3 22 3
4 19 10
4 14 15
4 20 17
4 9 18
4 25 5
4 13 10
4 24 13
4 26 19
4 8 5
4 22 17
4 27 19
5 26 16
5 8 5
5 18 5
6 26 10
6 20 9
6 13 8
6 17 3
6 28 7
6 21 2
6 24 20
6 27 12
6 23 2
6 18 17
6 12 10
6 16 12
6 15 7
6 7 7
6 19 2
6 14 14
6 9 10
7 10 11
7 3 19
7 8 13
7 12 6
8 13 4
8 25 16
8 2 15
8 24 4
8 20 9
8 6 11
9 15 10
10 27 10
10 28 9
10 16 3
10 8 1
10 4 14
10 3 12
11 23 18
11 15 11
11 16 15
11 17 7
11 12 7
11 6 19
11 18 15
11 8 8
11 26 11
11 25 15
11 10 8
11 29 2
11 21 8
12 15 3
12 5 2
12 4 18
12 13 1
12 26 7
12 25 12
12 22 16
12 20 2
12 24 14
12 8 14
12 16 17
12 19 13
12 14 12
12 27 11
12 28 2
12 2 14
13 5 20
13 16 18
13 20 12
14 15 8
14 11 17
14 13 12
14 5 5
14 23 6
14 27 16
14 8 3
14 28 6
14 19 4
14 10 19
15 20 12
15 8 20
15 24 16
15 26 12
15 25 3
15 27 12
15 3 3
15 29 13
15 21 17
16 23 2
16 24 17
16 18 5
16 28 7
16 21 1
16 4 15
16 17 17
16 8 4
16 25 7
16 22 18
16 14 1
16 3 3
17 18 12
18 3 7
18 24 6
18 23 3
18 7 8
18 20 11
18 9 7
18 26 11
18 2 9
18 28 4
18 14 15
19 15 18
19 10 9
19 23 20
19 13 16
19 24 10
19 8 8
19 7 18
19 21 1
19 17 20
19 22 2
19 27 11
19 16 15
19 11 2
19 20 14
19 26 7
19 9 16
20 24 20
20 3 19
20 9 13
20 14 17
20 17 8
20 27 9
20 29 15
20 21 14
20 10 12
21 10 7
22 10 16
22 26 19
22 2 12
22 18 13
22 28 3
22 9 7
22 27 9
22 29 1
23 26 3
23 15 19
23 24 2
24 21 13
24 9 14
24 11 19
24 14 5
24 17 15
24 25 9
24 3 11
25 9 1
27 29 10
27 11 8
27 13 18
27 2 7
27 17 3
27 21 3
27 23 8
27 8 2
28 11 2
28 8 5
28 13 13
28 25 13
28 2 20
28 4 13
28 5 9
28 23 17
28 3 6
28 7 15
28 20 14
29 19 9
29 21 3
29 5 7
29 23 13
29 26 15
29 10 6
29 7 18
29 25 5
29 13 14
29 8 11
29 16 20
29 18 2
29 4 7
2 30 13
8 31 12
31 23 12
12 32 20
32 17 20
9 33 13
33 12 13
27 34 5
34 24 5
28 35 12
35 15 12
29 36 9
36 28 9
22 37 9
37 14 9
20 38 16
38 16 16
6 39 19
39 10 19
19 40 6
40 2 6
5 41 4
41 19 4
5 42 7
42 2 7
29 43 15
43 2 15
10 44 6
44 2 6
13 45 12
45 4 12
8 46 20
46 5 20
18 47 4
47 5 4
28 48 9
48 6 9
27 49 9
49 6 9
18 50 16
50 6 16
16 51 3
51 6 3
15 52 8
52 6 8
19 53 8
53 6 8
8 54 5
54 7 5
12 55 2
55 7 2
20 56 18
56 8 18
15 57 15
57 9 15
27 58 13
58 10 13
28 59 18
59 10 18
16 60 13
60 10 13
16 61 1
61 11 1
12 62 17
62 11 17
13 63 14
63 12 14
22 64 17
64 12 17
16 65 12
65 12 12
19 66 7
66 12 7
28 67 12
67 12 12
27 68 4
68 14 4
28 69 6
69 14 6
20 70 19
70 15 19
27 71 17
71 15 17
29 72 12
72 15 12
18 73 3
73 16 3
28 74 10
74 16 10
18 75 11
75 17 11
24 76 2
76 18 2
28 77 13
77 18 13
24 78 12
78 20 12
27 79 4
79 20 4
29 80 4
80 20 4
28 81 15
81 22 15
29 82 17
82 22 17
25 83 9
83 24 9
29 84 11
84 27 11
0 79 79 79 79 79 79 79 79 79 79 79 79 79 79 79 79 79 78 79 79 79 79 79 79 79 79 67 79 33 
0 0 100 98 105 103 93 115 115 115 100 115 115 115 115 115 115 104 62 115 98 108 115 115 115 115 115 67 71 33 
0 102 0 98 102 102 93 102 102 102 100 102 102 102 102 102 102 102 62 102 98 102 102 102 102 102 102 67 71 33 
0 131 100 0 105 103 93 141 121 168 100 118 135 136 156 149 124 104 62 140 98 108 121 156 123 168 147 67 71 33 
0 37 37 37 0 37 37 37 37 37 37 37 37 37 37 37 37 37 37 37 37 37 37 37 37 37 37 37 37 33 
0 131 100 98 105 0 93 141 121 183 100 118 135 136 156 149 124 104 62 140 98 108 121 156 123 169 147 67 71 33 
0 69 69 69 69 69 0 69 69 69 69 69 69 69 69 69 69 69 62 69 69 69 69 69 69 69 69 67 69 33 
0 116 100 98 105 103 93 0 116 116 100 116 116 116 116 116 116 104 62 116 98 108 116 116 116 116 116 67 71 33 
0 43 43 43 43 43 43 43 0 43 43 43 43 43 43 43 43 43 43 43 43 43 43 43 43 43 43 43 43 33 
0 75 75 75 75 75 75 75 75 0 75 75 75 75 75 75 75 75 62 75 75 75 75 75 75 75 75 67 71 33 
0 131 100 98 105 103 93 141 121 164 0 118 135 136 156 149 124 104 62 140 98 108 121 156 123 164 147 67 71 33 
0 131 100 98 105 103 93 141 121 183 100 0 135 136 156 149 124 104 62 140 98 108 121 156 123 169 147 67 71 33 
0 96 96 96 96 96 93 96 96 96 96 96 0 96 96 96 96 96 62 96 96 96 96 96 96 96 96 67 71 33 
0 116 100 98 105 103 93 116 116 116 100 116 116 0 116 116 116 104 62 116 98 108 116 116 116 116 116 67 71 33 
0 131 100 98 105 103 93 141 121 151 100 118 135 136 0 149 124 104 62 140 98 108 121 151 123 151 147 67 71 33 
0 131 100 98 105 103 93 141 121 146 100 118 135 136 146 0 124 104 62 140 98 108 121 146 123 146 146 67 71 33 
0 32 32 32 32 32 32 32 32 32 32 32 32 32 32 32 0 32 32 32 32 32 32 32 32 32 32 32 32 32 
0 131 100 98 105 103 93 135 121 135 100 118 135 135 135 135 124 0 62 135 98 108 121 135 123 135 135 67 71 33 
0 131 100 98 105 103 93 141 121 183 100 118 135 136 156 149 124 104 0 140 98 108 121 156 123 169 147 67 71 33 
0 131 100 98 105 103 93 141 121 183 100 118 135 136 156 149 124 104 62 0 98 108 121 156 123 169 147 67 71 33 
0 27 27 27 27 27 27 27 27 27 27 27 27 27 27 27 27 27 27 27 0 27 27 27 27 27 27 27 27 27 
0 126 100 98 105 103 93 126 121 126 100 118 126 126 126 126 124 104 62 126 98 0 121 126 123 126 126 67 71 33 
0 44 44 44 44 44 44 44 44 44 44 44 44 44 44 44 44 44 44 44 44 44 0 44 44 44 44 44 44 33 
0 120 100 98 105 103 93 120 120 120 100 118 120 120 120 120 120 104 62 120 98 108 120 0 120 120 120 67 71 33 
0 30 30 30 30 30 30 30 30 30 30 30 30 30 30 30 30 30 30 30 30 30 30 30 0 30 30 30 30 30 
0 20 20 20 20 20 20 20 20 20 20 20 20 20 20 20 20 20 20 20 20 20 20 20 20 0 20 20 20 20 
0 131 100 98 105 103 93 131 121 131 100 118 131 131 131 131 124 104 62 131 98 108 121 131 123 131 0 67 71 33 
0 131 100 98 105 103 93 141 121 183 100 118 135 136 156 149 124 104 62 140 98 108 121 156 123 169 147 0 71 33 
0 131 100 98 105 103 93 141 121 183 100 118 135 136 156 149 124 104 62 140 98 108 121 156 123 169 147 67 0 33 
0 0 0 0 0 0 0 0 0 0 0 0 0 0 0 0 0 0 0 0 0 0 0 0 0 0 0 0 0 0 
0