80 350 30 0
1 15 20
15 11 20
11 22 20
22 9 20
9 18 20
18 21 20
21 26 20
26 16 20
16 12 20
12 2 20
2 7 20
7 23 20
23 28 20
28 5 20
5 14 20
14 4 20
4 13 20
13 8 20
8 24 20
24 10 20
10 27 20
27 3 20
3 17 20
17 29 20
29 20 20
20 19 20
19 25 20
25 6 20
12 30 20
1 22 17
1 17 7
1 10 20
1 16 1
1 29 20
1 14 18
1 30 8
2 10 13
2 15 14
2 29 20
2 13 7
2 22 19
2 17 11
3 29 5
3 11 20
3 21 18
3 4 3
3 13 6
3 7 10
3 24 15
3 10 2
3 22 16
3 6 6
3 25 13
3 14 3
3 5 18
3 23 7
3 19 14
3 15 5
3 16 6
4 16 10
4 24 5
4 25 7
4 19 17
4 26 3
4 17 2
4 5 9
4 10 7
4 20 6
4 11 1
4 7 6
4 15 7
4 21 15
4 28 1
5 9 15
5 8 20
5 21 18
5 25 4
5 11 2
5 10 6
5 2 16
5 15 19
5 20 6
5 12 5
5 29 13
5 26 14
5 24 8
5 7 8
6 10 7
6 15 1
6 29 14
6 23 9
6 13 4
6 8 11
6 21 3
6 4 11
6 24 15
6 12 3
6 18 16
6 5 16
6 28 6
6 19 18
6 17 19
6 2 13
7 12 1
7 19 20
7 26 20
7 13 9
7 21 15
7 16 13
7 14 11
7 10 17
7 18 4
7 20 19
8 2 6
8 27 8
8 23 17
8 7 6
8 11 7
8 10 4
8 15 18
8 29 4
8 17 11
8 14 4
8 25 15
9 11 2
9 8 17
9 15 15
9 6 2
9 25 13
9 20 1
9 17 20
9 24 19
9 21 13
9 27 15
10 20 12
10 9 20
10 14 14
10 15 19
10 19 2
10 28 13
10 11 3
10 12 7
11 18 1
11 27 1
11 13 8
11 16 13
12 19 15
12 29 14
12 8 7
12 23 10
12 4 10
12 17 12
12 14 11
12 25 9
12 18 1
12 15 5
12 11 2
12 3 12
12 20 11
12 22 3
12 24 10
12 21 9
12 27 1
13 27 7
13 9 5
13 26 16
14 26 4
14 20 17
14 6 4
14 9 3
14 25 2
14 21 4
14 15 17
14 18 17
14 13 19
14 28 15
14 27 3
14 11 14
15 20 1
15 28 6
15 17 2
16 19 5
16 20 10
16 5 10
16 24 6
17 19 15
17 16 10
17 20 1
17 23 15
17 13 20
18 26 16
18 15 9
18 22 20
18 5 7
18 27 6
18 17 9
19 2 1
19 15 8
19 22 17
19 23 6
19 11 19
19 9 6
19 8 18
19 18 1
19 29 10
19 13 19
20 28 13
20 26 5
20 22 1
20 18 14
20 21 20
20 13 16
20 6 6
20 3 5
20 27 8
20 11 7
21 17 3
21 11 16
21 29 1
21 24 20
21 27 10
21 2 11
21 28 14
21 13 1
21 15 4
21 23 3
22 5 6
22 21 19
22 29 5
22 25 7
22 4 16
22 16 4
22 13 8
22 17 8
23 24 1
23 26 19
23 15 18
23 5 11
23 18 15
23 10 14
23 11 7
23 2 6
23 22 20
23 4 14
24 7 8
24 22 12
24 2 10
26 2 12
27 25 19
27 5 10
26 31 5
31 21 5
12 32 13
32 16 13
4 33 17
33 14 17
13 34 7
34 4 7
24 35 9
35 8 9
10 36 11
36 24 11
17 37 17
37 3 17
20 38 1
38 29 1
6 39 2
39 25 2
10 40 20
40 2 20
15 41 11
41 2 11
22 42 7
42 2 7
4 43 15
43 3 15
6 44 12
44 3 12
14 45 14
45 3 14
5 46 16
46 3 16
23 47 17
47 3 17
19 48 8
48 3 8
15 49 8
49 3 8
5 50 7
50 4 7
8 51 4
51 5 4
10 52 2
52 5 2
15 53 2
53 5 2
12 54 6
54 5 6
29 55 4
55 5 4
23 56 19
56 6 19
8 57 1
57 6 1
18 58 3
58 6 3
19 59 14
59 6 14
19 60 7
60 7 7
16 61 6
61 7 6
18 62 15
62 7 15
20 63 17
63 7 17
23 64 15
64 8 15
10 65 16
65 8 16
15 66 20
66 8 20
20 67 12
67 10 12
19 68 9
68 10 9
18 69 13
69 11 13
13 70 19
70 11 19
14 71 13
71 12 13
20 72 6
72 12 6
27 73 4
73 13 4
20 74 9
74 14 9
18 75 4
75 14 4
27 76 13
76 14 13
17 77 10
77 15 10
19 78 13
78 17 13
22 79 9
79 19 9
22 80 17
80 20 17
0 103 103 88 103 75 103 103 69 103 103 55 103 103 103 90 103 89 103 103 103 103 87 103 103 103 79 88 103 28 
0 0 104 88 104 75 103 104 69 104 104 55 104 104 104 89 104 89 104 104 104 104 87 104 104 104 79 88 104 20 
0 133 0 88 125 75 103 153 69 111 152 55 141 106 169 89 130 89 135 121 159 128 87 130 111 117 79 88 107 20 
0 133 144 0 125 75 103 148 69 111 148 55 141 106 148 89 130 89 135 121 148 128 87 130 111 117 79 88 107 20 
0 133 144 88 0 75 103 153 69 111 152 55 141 106 169 89 130 89 135 121 159 128 87 130 111 117 79 88 107 20 
0 133 144 88 125 0 103 153 69 111 152 55 141 106 169 89 130 89 135 121 159 128 87 130 111 117 79 88 107 20 
0 133 144 88 125 75 0 149 69 111 149 55 141 106 149 89 130 89 135 121 149 128 87 130 111 117 79 88 107 20 
0 125 125 88 125 75 103 0 69 111 125 55 125 106 125 89 125 89 125 121 125 125 87 125 111 117 79 88 107 20 
0 133 137 88 125 75 103 137 0 111 137 55 137 106 137 89 130 89 135 121 137 128 87 130 111 117 79 88 107 20 
0 133 144 88 125 75 103 153 69 0 152 55 141 106 159 89 130 89 135 121 159 128 87 130 111 117 79 88 107 20 
0 43 43 43 43 43 43 43 43 43 0 43 43 43 43 43 43 43 43 43 43 43 43 43 43 43 43 43 43 20 
0 133 144 88 125 75 103 153 69 111 152 0 141 106 169 89 130 89 135 121 159 128 87 130 111 117 79 88 107 20 
0 74 74 74 74 74 74 74 69 74 74 55 0 74 74 74 74 74 74 74 74 74 74 74 74 74 74 74 74 20 
0 133 144 88 125 75 103 153 69 111 152 55 141 0 166 89 130 89 135 121 159 128 87 130 111 117 79 88 107 20 
0 70 70 70 70 70 70 70 69 70 70 55 70 70 0 70 70 70 70 70 70 70 70 70 70 70 70 70 70 20 
0 57 57 57 57 57 57 57 57 57 57 55 57 57 57 0 57 57 57 57 57 57 57 57 57 57 57 57 57 20 
0 108 108 88 108 75 103 108 69 108 108 55 108 106 108 89 0 89 108 108 108 108 87 108 108 108 79 88 107 20 
0 122 122 88 122 75 103 122 69 111 122 55 122 106 122 89 122 0 122 121 122 122 87 122 111 117 79 88 107 20 
0 133 144 88 125 75 103 153 69 111 152 55 141 106 169 89 130 89 0 121 159 128 87 130 111 117 79 88 107 20 
0 133 144 88 125 75 103 153 69 111 152 55 141 106 160 89 130 89 135 0 159 128 87 130 111 117 79 88 107 20 
0 103 103 88 103 75 103 103 69 103 103 55 103 103 103 89 103 89 103 103 0 103 87 103 103 103 79 88 103 20 
0 126 126 88 125 75 103 126 69 111 126 55 126 106 126 89 126 89 126 121 126 0 87 126 111 117 79 88 107 20 
0 133 144 88 125 75 103 153 69 111 152 55 141 106 169 89 130 89 135 121 159 128 0 130 111 117 79 88 107 20 
0 59 59 59 59 59 59 59 59 59 59 55 59 59 59 59 59 59 59 59 59 59 59 0 59 59 59 59 59 20 
0 20 20 20 20 20 20 20 20 20 20 20 20 20 20 20 20 20 20 20 20 20 20 20 0 20 20 20 20 20 
0 37 37 37 37 37 37 37 37 37 37 37 37 37 37 37 37 37 37 37 37 37 37 37 37 0 37 37 37 20 
0 66 66 66 66 66 66 66 66 66 66 55 66 66 66 66 66 66 66 66 66 66 66 66 66 66 0 66 66 20 
0 20 20 20 20 20 20 20 20 20 20 20 20 20 20 20 20 20 20 20 20 20 20 20 20 20 20 0 20 20 
0 24 24 24 24 24 24 24 24 24 24 24 24 24 24 24 24 24 24 24 24 24 24 24 24 24 24 24 0 20 
0 0 0 0 0 0 0 0 0 0 0 0 0 0 0 0 0 0 0 0 0 0 0 0 0 0 0 0 0 0 
0