79 349 30 0
1 11 20
11 22 20
22 9 20
9 2 20
2 27 20
27 21 20
21 16 20
16 25 20
25 12 20
12 6 20
6 23 20
23 19 20
19 29 20
29 5 20
5 3 20
3 28 20
28 24 20
24 8 20
8 4 20
4 14 20
14 7 20
7 10 20
10 26 20
26 17 20
17 20 20
20 13 20
13 18 20
18 15 20
9 30 20
1 7 7
1 8 6
1 3 2
1 24 9
1 26 10
1 4 14
1 25 3
2 22 2
2 7 3
2 6 14
2 23 5
2 29 1
2 20 2
2 8 7
2 11 15
2 19 6
2 17 15
2 3 11
2 28 9
2 26 13
2 24 12
2 4 9
3 21 17
3 9 8
3 26 13
3 23 3
4 6 6
4 17 4
4 23 13
4 22 8
5 21 16
5 4 12
5 19 11
5 14 9
5 28 16
5 18 13
5 9 1
6 18 10
6 5 20
6 17 7
6 7 1
6 19 20
6 22 2
6 24 1
6 21 9
6 27 19
6 13 13
6 3 16
6 26 20
6 25 7
6 14 9
6 15 11
6 16 14
6 11 20
7 23 19
7 26 10
7 27 11
7 25 19
7 9 12
7 21 4
7 12 19
7 24 4
7 15 4
7 28 11
7 22 15
7 4 12
7 18 3
7 29 17
7 8 1
8 11 5
8 15 16
8 6 6
8 26 5
8 14 4
8 27 6
8 16 11
8 29 13
8 20 16
8 5 6
8 17 13
8 22 13
8 12 2
8 3 1
8 18 9
9 13 17
9 6 15
9 26 13
9 15 13
9 28 2
9 8 1
9 20 13
9 25 20
9 18 12
9 12 17
9 29 19
9 21 11
9 27 15
10 3 8
10 6 20
10 28 13
10 12 18
10 13 17
10 17 17
10 27 20
10 19 3
10 11 19
10 8 6
10 2 2
10 4 13
10 25 11
10 22 16
10 14 5
10 29 17
10 9 11
10 5 10
11 19 2
11 14 6
11 20 8
11 23 13
11 29 3
11 13 14
11 27 18
11 16 1
11 12 10
11 26 12
11 18 8
11 24 14
11 9 7
12 14 12
12 20 19
12 3 19
12 18 11
12 28 14
12 13 10
12 19 3
13 17 20
13 21 19
13 28 14
13 25 6
13 24 1
13 26 17
13 29 1
13 8 18
14 13 8
14 24 3
14 26 3
14 25 2
14 22 1
14 16 18
14 17 3
15 2 20
15 10 5
15 16 18
15 22 1
15 14 6
15 20 6
15 27 8
15 26 3
15 3 19
15 12 16
15 23 13
15 28 12
16 29 3
16 22 18
16 17 18
16 12 4
16 4 13
16 24 8
16 7 19
16 18 10
16 19 16
16 28 16
16 10 16
16 5 11
16 27 8
16 26 11
16 2 2
16 20 1
17 27 14
17 28 13
17 18 16
17 9 5
17 3 13
17 24 9
18 22 4
18 10 15
19 13 9
20 6 10
20 27 3
20 29 16
20 10 19
20 24 15
20 21 17
20 18 4
20 14 3
20 22 1
20 23 6
20 4 14
20 26 20
21 15 19
21 25 7
21 29 17
21 17 1
21 28 18
21 19 12
22 21 20
22 12 13
23 28 1
24 18 15
24 29 8
24 21 14
24 26 19
26 27 17
5 30 3
7 30 11
8 30 7
10 30 16
13 30 11
14 30 13
15 30 5
20 30 14
23 30 16
9 31 6
31 22 6
2 32 12
32 9 12
21 33 12
33 27 12
16 34 1
34 21 1
3 35 3
35 5 3
24 36 19
36 28 19
4 37 15
37 8 15
14 38 2
38 4 2
10 39 17
39 7 17
20 40 15
40 17 15
13 41 8
41 20 8
7 42 6
42 2 6
6 43 1
43 2 1
23 44 19
44 2 19
20 45 5
45 2 5
8 46 16
46 2 16
11 47 12
47 2 12
17 48 14
48 2 14
4 49 2
49 2 2
6 50 16
50 4 16
18 51 8
51 5 8
9 52 2
52 5 2
24 53 10
53 6 10
21 54 1
54 6 1
16 55 9
55 6 9
21 56 1
56 7 1
12 57 15
57 7 15
15 58 17
58 8 17
14 59 6
59 8 6
16 60 7
60 8 7
20 61 15
61 8 15
12 62 11
62 8 11
15 63 6
63 9 6
20 64 6
64 9 6
27 65 7
65 9 7
12 66 8
66 10 8
11 67 16
67 10 16
14 68 15
68 11 15
20 69 3
69 11 3
13 70 12
70 11 12
12 71 9
71 11 9
14 72 2
72 12 2
20 73 17
73 15 17
23 74 9
74 15 9
24 75 16
75 16 16
19 76 13
76 16 13
20 77 11
77 16 11
24 78 10
78 17 10
21 79 13
79 20 13
0 71 71 71 71 71 71 71 71 71 71 71 71 71 71 71 71 71 71 71 71 71 71 71 71 71 71 71 71 71 
0 0 107 111 80 111 76 124 95 99 98 121 108 74 109 122 143 131 93 106 148 107 92 87 92 156 156 156 135 116 
0 64 0 64 64 64 64 64 64 64 64 64 64 64 64 64 64 64 64 64 64 64 64 64 64 64 64 64 64 64 
0 68 68 0 68 68 68 68 68 68 68 68 68 68 68 68 68 68 68 68 68 68 68 68 68 68 68 68 68 68 
0 98 98 98 0 98 76 98 95 98 98 98 98 74 98 98 98 98 93 98 98 98 92 87 92 98 98 98 98 101 
0 119 107 111 80 0 76 124 95 99 98 121 108 74 109 122 143 131 93 106 148 107 92 87 92 179 171 178 135 116 
0 119 107 111 80 111 0 124 95 99 98 121 108 74 109 122 143 131 93 106 148 107 92 87 92 179 171 178 135 116 
0 119 107 111 80 111 76 0 95 99 98 121 108 74 109 122 143 131 93 106 148 107 92 87 92 162 162 162 135 116 
0 119 107 111 80 111 76 124 0 99 98 121 108 74 109 122 143 131 93 106 148 107 92 87 92 179 171 178 135 116 
0 119 107 111 80 111 76 124 95 0 98 121 108 74 109 122 143 131 93 106 148 107 92 87 92 179 171 178 135 116 
0 119 107 111 80 111 76 124 95 99 0 121 108 74 109 122 143 131 93 106 148 107 92 87 92 164 164 164 135 116 
0 119 107 111 80 111 76 124 95 99 98 0 108 74 109 122 143 131 93 106 148 107 92 87 92 151 151 151 135 116 
0 119 107 111 80 111 76 124 95 99 98 121 0 74 109 122 136 131 93 106 136 107 92 87 92 136 136 136 135 116 
0 83 83 83 80 83 76 83 83 83 83 83 83 0 83 83 83 83 83 83 83 83 83 83 83 83 83 83 83 96 
0 119 107 111 80 111 76 124 95 99 98 121 108 74 0 122 143 131 93 106 148 107 92 87 92 150 150 150 135 116 
0 119 107 111 80 111 76 124 95 99 98 121 108 74 109 0 143 131 93 106 148 107 92 87 92 179 171 178 135 116 
0 104 104 104 80 104 76 104 95 99 98 104 104 74 104 104 0 104 93 104 104 104 92 87 92 104 104 104 104 104 
0 47 47 47 47 47 47 47 47 47 47 47 47 47 47 47 47 0 47 47 47 47 47 47 47 47 47 47 47 47 
0 42 42 42 42 42 42 42 42 42 42 42 42 42 42 42 42 42 0 42 42 42 42 42 42 42 42 42 42 42 
0 119 107 111 80 111 76 124 95 99 98 121 108 74 109 122 143 131 93 0 148 107 92 87 92 179 171 178 135 116 
0 116 107 111 80 111 76 116 95 99 98 116 108 74 109 116 116 116 93 106 0 107 92 87 92 116 121 116 116 116 
0 53 53 53 53 53 53 53 53 53 53 53 53 53 53 53 53 53 53 53 53 0 53 53 53 53 53 53 53 53 
0 49 49 49 49 49 49 49 49 49 49 49 49 49 49 49 49 49 49 49 49 49 0 49 49 49 49 49 49 65 
0 112 107 111 80 111 76 112 95 99 98 112 108 74 109 112 112 112 93 106 112 107 92 0 92 112 112 131 112 112 
0 20 20 20 20 20 20 20 20 20 20 20 20 20 20 20 20 20 20 20 20 20 20 20 0 20 20 20 20 20 
0 37 37 37 37 37 37 37 37 37 37 37 37 37 37 37 37 37 37 37 37 37 37 37 37 0 37 37 37 37 
0 27 27 27 27 27 27 27 27 27 27 27 27 27 27 27 27 27 27 27 27 27 27 27 27 27 0 27 27 27 
0 20 20 20 20 20 20 20 20 20 20 20 20 20 20 20 20 20 20 20 20 20 20 20 20 20 20 0 20 20 
0 20 20 20 20 20 20 20 20 20 20 20 20 20 20 20 20 20 20 20 20 20 20 20 20 20 20 20 0 20 
0 0 0 0 0 0 0 0 0 0 0 0 0 0 0 0 0 0 0 0 0 0 0 0 0 0 0 0 0 0 
0