81 351 30 0
1 9 20
9 21 20
21 8 20
8 17 20
17 22 20
22 18 20
18 12 20
12 25 20
25 27 20
27 26 20
26 4 20
4 2 20
2 6 20
6 16 20
16 23 20
23 7 20
7 13 20
13 24 20
24 15 20
15 14 20
14 29 20
29 10 20
10 20 20
20 3 20
3 11 20
11 19 20
19 5 20
5 28 20
20 30 20
1 26 5
1 23 13
1 20 12
1 27 12
1 4 14
1 11 8
1 2 9
1 14 6
1 25 7
1 13 16
1 15 3
1 28 17
2 17 1
2 9 16
2 11 18
2 22 5
2 8 6
2 13 14
2 28 3
2 26 6
2 24 1
3 16 12
3 21 1
3 23 18
3 10 13
3 4 20
3 17 2
3 18 16
3 28 19
3 9 2
4 18 17
4 15 6
5 29 15
5 4 10
5 11 17
5 24 6
5 25 8
5 27 11
5 20 6
5 21 14
6 11 4
6 29 7
6 17 7
6 20 5
6 10 3
6 22 4
6 3 1
6 12 1
6 8 8
7 21 8
7 27 12
7 4 5
7 12 16
7 28 4
7 29 20
7 25 1
7 6 6
7 5 2
7 15 5
7 11 20
7 19 16
7 16 6
8 11 2
8 9 4
8 28 13
8 24 3
8 22 7
8 23 1
9 6 2
9 10 8
9 17 3
9 19 11
9 29 5
9 23 5
10 19 10
10 2 1
11 15 1
11 18 13
12 17 8
12 28 15
12 11 5
12 8 17
12 10 15
12 14 17
12 22 10
12 20 8
12 13 16
12 4 8
12 15 16
12 3 2
12 24 19
13 11 3
13 6 19
13 4 1
13 9 13
13 27 17
13 25 7
13 19 14
13 26 12
13 10 17
13 29 19
13 3 16
13 16 7
13 17 18
14 5 3
14 7 10
14 24 12
14 22 1
14 28 4
15 13 9
15 27 14
15 9 18
15 8 18
15 21 19
15 5 7
15 2 7
15 18 16
15 10 13
15 3 9
15 17 1
15 28 16
15 6 15
16 26 19
16 28 18
17 27 1
17 23 7
18 17 13
18 19 13
19 6 20
19 22 13
20 7 20
20 27 9
21 23 9
21 28 4
21 17 5
21 18 14
21 6 10
21 25 4
21 4 3
21 19 9
21 24 20
22 15 18
22 11 18
22 13 11
22 24 3
22 29 7
22 10 19
22 28 20
23 13 20
23 25 17
23 24 10
24 17 17
24 11 13
24 26 15
24 6 13
24 4 13
24 9 18
24 27 2
24 29 15
24 18 14
24 28 9
24 3 10
25 28 15
25 2 20
25 29 15
25 14 12
25 18 2
25 20 2
25 19 19
25 16 5
25 11 12
25 17 10
26 10 8
26 3 8
27 14 17
27 18 1
27 10 13
27 2 6
27 4 19
27 22 6
27 6 5
27 21 2
27 19 17
27 8 7
27 3 1
27 16 4
28 26 12
28 4 16
28 10 12
28 6 12
28 23 9
28 20 2
28 11 6
28 19 7
28 27 1
28 9 13
29 11 7
29 19 3
29 12 14
29 26 6
29 28 19
29 27 6
29 21 1
29 23 9
29 20 10
29 18 19
29 8 15
2 30 13
3 30 13
5 30 18
7 30 19
10 30 6
12 30 8
13 30 8
14 30 10
15 30 14
16 30 14
17 30 20
19 30 7
21 30 12
21 31 10
31 9 10
8 32 20
32 21 20
12 33 8
33 18 8
27 34 16
34 25 16
2 35 20
35 4 20
13 36 5
36 7 5
24 37 8
37 13 8
29 38 11
38 14 11
19 39 14
39 11 14
17 40 20
40 2 20
9 41 14
41 2 14
28 42 17
42 2 17
28 43 3
43 3 3
9 44 11
44 3 11
29 45 20
45 5 20
27 46 12
46 5 12
20 47 2
47 6 2
12 48 5
48 6 5
21 49 16
49 7 16
27 50 2
50 7 2
28 51 4
51 7 4
29 52 10
52 7 10
25 53 7
53 7 7
15 54 12
54 7 12
28 55 5
55 8 5
24 56 9
56 8 9
22 57 7
57 8 7
29 58 14
58 9 14
15 59 15
59 11 15
14 60 16
60 12 16
22 61 16
61 12 16
25 62 16
62 13 16
29 63 16
63 13 16
24 64 6
64 14 6
22 65 9
65 14 9
28 66 14
66 14 14
27 67 3
67 15 3
28 68 12
68 15 12
27 69 8
69 17 8
23 70 18
70 17 18
22 71 17
71 19 17
23 72 9
72 21 9
28 73 17
73 21 17
24 74 1
74 21 1
29 75 14
75 22 14
28 76 4
76 22 4
25 77 1
77 23 1
24 78 1
78 23 1
27 79 14
79 24 14
28 80 9
80 24 9
29 81 3
81 25 3
0 114 81 142 64 129 106 112 128 141 142 83 142 112 84 54 131 140 142 65 112 84 93 117 83 95 105 142 123 142 
0 0 81 110 64 110 106 110 108 110 110 83 110 106 81 54 110 110 110 53 110 84 80 110 76 90 93 110 110 123 
0 105 0 123 64 123 106 112 108 123 123 83 123 106 81 54 123 123 123 53 112 84 80 117 76 90 93 123 123 136 
0 43 43 0 43 43 43 43 43 43 43 43 43 43 43 43 43 43 43 43 43 43 43 43 43 43 43 43 43 43 
0 105 81 107 0 107 106 107 107 107 107 83 107 106 81 54 107 107 107 53 107 84 80 107 76 90 93 107 107 125 
0 60 60 60 60 0 60 60 60 60 60 60 60 60 60 54 60 60 60 53 60 60 60 60 60 60 60 60 60 60 
0 105 81 135 64 129 0 112 108 141 141 83 130 106 81 54 131 140 141 53 112 84 80 117 76 90 93 141 123 160 
0 70 70 70 64 70 70 0 70 70 70 70 70 70 70 54 70 70 70 53 70 70 70 70 70 70 70 70 70 70 
0 79 79 79 64 79 79 79 0 79 79 79 79 79 79 54 79 79 79 53 79 79 79 79 76 79 79 79 79 79 
0 31 31 31 31 31 31 31 31 0 31 31 31 31 31 31 31 31 31 31 31 31 31 31 31 31 31 31 31 37 
0 34 34 34 34 34 34 34 34 34 0 34 34 34 34 34 34 34 34 34 34 34 34 34 34 34 34 34 34 34 
0 105 81 135 64 129 106 112 108 141 174 0 130 106 81 54 131 140 156 53 112 84 80 117 76 90 93 179 123 182 
0 105 81 135 64 129 106 112 108 141 174 83 0 106 81 54 131 140 156 53 112 84 80 117 76 90 93 179 123 182 
0 66 66 66 64 66 66 66 66 66 66 66 66 0 66 54 66 66 66 53 66 66 66 66 66 66 66 66 66 76 
0 105 81 135 64 129 106 112 108 141 174 83 130 106 0 54 131 140 156 53 112 84 80 117 76 90 93 179 123 182 
0 57 57 57 57 57 57 57 57 57 57 57 57 57 57 0 57 57 57 53 57 57 57 57 57 57 57 57 57 71 
0 48 48 48 48 48 48 48 48 48 48 48 48 48 48 48 0 48 48 48 48 48 48 48 48 48 48 48 48 68 
0 46 46 46 46 46 46 46 46 46 46 46 46 46 46 46 46 0 46 46 46 46 46 46 46 46 46 46 46 46 
0 67 67 67 64 67 67 67 67 67 67 67 67 67 67 54 67 67 0 53 67 67 67 67 67 67 67 67 67 74 
0 51 51 51 51 51 51 51 51 51 51 51 51 51 51 51 51 51 51 0 51 51 51 51 51 51 51 51 51 71 
0 105 81 124 64 124 106 112 108 124 124 83 124 106 81 54 124 124 124 53 0 84 80 117 76 90 93 124 123 136 
0 105 81 135 64 129 106 112 108 141 165 83 130 106 81 54 131 140 156 53 112 0 80 117 76 90 93 165 123 165 
0 94 81 94 64 94 94 94 94 94 94 83 94 94 81 54 94 94 94 53 94 84 0 94 76 90 93 94 94 94 
0 105 81 135 64 129 106 112 108 141 174 83 130 106 81 54 131 140 156 53 112 84 80 0 76 90 93 179 123 182 
0 105 81 135 64 129 106 112 108 141 156 83 130 106 81 54 131 140 156 53 112 84 80 117 0 90 93 156 123 156 
0 36 36 36 36 36 36 36 36 36 36 36 36 36 36 36 36 36 36 36 36 36 36 36 36 0 36 36 36 36 
0 105 81 135 64 129 106 112 108 141 173 83 130 106 81 54 131 140 156 53 112 84 80 117 76 90 0 173 123 173 
0 105 81 135 64 129 106 112 108 141 174 83 130 106 81 54 131 140 156 53 112 84 80 117 76 90 93 0 123 175 
0 105 81 135 64 129 106 112 108 141 174 83 130 106 81 54 131 140 156 53 112 84 80 117 76 90 93 179 0 182 
0 0 0 0 0 0 0 0 0 0 0 0 0 0 0 0 0 0 0 0 0 0 0 0 0 0 0 0 0 0 
0