79 349 30 0
1 8 20
8 23 20
23 6 20
6 28 20
28 15 20
15 12 20
12 17 20
17 3 20
3 9 20
9 20 20
20 19 20
19 18 20
18 7 20
7 24 20
24 4 20
4 16 20
16 10 20
10 11 20
11 29 20
29 14 20
14 26 20
26 2 20
2 5 20
5 25 20
25 21 20
21 27 20
27 13 20
13 22 20
16 30 20
1 16 4
1 4 20
1 18 8
1 19 6
1 17 18
1 15 18
1 27 1
1 6 6
1 5 20
1 7 2
1 25 18
1 9 4
1 2 19
1 28 7
1 12 10
1 13 15
2 18 3
2 4 12
2 11 1
2 7 13
2 3 11
2 8 2
2 6 4
2 20 17
2 10 1
3 5 11
3 27 9
3 8 13
3 19 16
3 6 18
3 12 1
3 4 17
4 12 15
4 23 1
6 27 16
6 17 12
7 21 8
7 13 4
7 19 7
7 16 8
7 29 9
7 8 15
7 10 2
7 3 19
7 12 11
8 16 20
8 20 8
8 19 10
8 13 18
8 28 7
8 27 10
8 24 11
8 18 18
8 25 19
8 6 10
8 11 8
8 5 10
8 9 11
8 10 13
8 4 12
9 29 10
9 27 20
9 13 12
9 14 7
9 2 17
9 15 7
9 26 5
9 25 14
9 12 6
9 23 15
9 22 6
9 5 14
9 4 13
10 17 9
10 19 12
10 5 13
11 7 5
11 4 17
12 28 17
12 19 8
12 10 9
12 27 12
12 11 1
12 24 3
13 19 17
13 16 12
13 10 17
13 25 1
13 12 4
13 5 15
13 15 3
13 29 5
14 12 15
14 8 19
14 13 10
14 5 5
14 28 17
14 19 13
14 6 4
14 10 14
14 24 20
14 27 5
14 7 20
14 18 7
14 16 11
14 22 11
15 2 20
15 26 20
15 22 5
15 27 7
15 14 17
15 23 20
15 10 15
15 29 1
15 24 15
15 8 18
15 16 6
15 19 18
15 25 20
15 5 10
15 17 3
15 3 12
16 27 2
16 19 17
16 28 2
16 5 16
16 17 1
16 29 13
16 21 19
16 22 1
16 26 12
17 13 3
17 24 10
17 22 2
18 3 15
18 24 15
18 21 10
18 17 2
18 25 3
18 28 19
18 16 14
18 29 13
18 15 4
18 23 13
18 9 13
18 12 8
19 25 5
19 26 9
19 9 3
19 2 7
19 22 10
20 22 3
20 13 19
20 6 11
20 3 5
20 25 17
20 10 20
20 5 11
20 4 9
21 17 17
21 29 8
21 22 9
21 11 4
21 13 5
21 9 2
21 23 20
22 18 12
22 12 14
22 8 5
22 28 14
22 2 15
22 23 2
22 3 11
22 7 10
23 7 3
23 14 8
23 11 14
23 3 6
23 27 9
24 13 9
24 5 16
24 6 15
24 3 12
25 4 15
25 11 17
25 17 19
25 7 14
25 27 16
25 28 4
25 23 9
26 5 2
26 7 12
26 6 3
26 4 13
26 17 3
26 28 3
26 18 18
26 21 10
26 29 11
26 22 2
26 27 16
27 2 13
27 24 15
27 19 6
28 2 3
29 19 17
29 5 9
29 22 5
29 2 6
29 28 13
29 8 1
29 25 16
2 30 16
3 30 1
5 30 8
7 30 15
8 30 8
11 30 14
12 30 17
14 30 9
17 30 10
18 30 2
23 31 13
31 8 13
12 32 14
32 15 14
18 33 15
33 19 15
7 34 19
34 18 19
29 35 3
35 11 3
2 36 12
36 26 12
22 37 13
37 13 13
18 38 4
38 2 4
8 39 11
39 2 11
10 40 11
40 2 11
8 41 12
41 3 12
17 42 8
42 6 8
8 43 12
43 7 12
13 44 10
44 8 10
24 45 4
45 8 4
18 46 15
46 8 15
25 47 14
47 8 14
11 48 12
48 8 12
9 49 17
49 8 17
29 50 12
50 9 12
13 51 18
51 9 18
15 52 2
52 9 2
19 53 16
53 10 16
19 54 8
54 12 8
19 55 12
55 13 12
16 56 7
56 13 7
25 57 20
57 13 20
19 58 18
58 14 18
24 59 20
59 14 20
27 60 9
60 14 9
18 61 8
61 14 8
16 62 19
62 14 19
26 63 1
63 15 1
22 64 2
64 15 2
27 65 15
65 15 15
23 66 10
66 15 10
16 67 14
67 15 14
25 68 5
68 15 5
27 69 6
69 16 6
19 70 13
70 16 13
29 71 7
71 16 7
26 72 3
72 19 3
22 73 12
73 19 12
25 74 14
74 20 14
23 75 1
75 22 1
27 76 3
76 23 3
27 77 8
77 25 8
28 78 20
78 26 20
29 79 16
79 26 16
0 146 123 148 172 99 111 178 85 127 68 112 167 126 113 121 104 105 196 59 67 75 103 109 141 114 143 123 90 120 
0 0 96 96 96 93 96 96 81 96 68 96 96 96 95 96 86 96 96 59 67 75 96 96 96 96 96 96 90 112 
0 105 0 105 105 93 105 105 81 105 68 102 105 105 95 105 86 97 105 59 67 75 103 105 105 105 105 105 90 106 
0 36 36 0 36 36 36 36 36 36 36 36 36 36 36 36 36 36 36 36 36 36 36 36 36 36 36 36 36 36 
0 20 20 20 0 20 20 20 20 20 20 20 20 20 20 20 20 20 20 20 20 20 20 20 20 20 20 20 20 28 
0 48 48 48 48 0 48 48 48 48 48 48 48 48 48 48 48 48 48 48 48 48 48 48 48 48 48 48 48 48 
0 122 122 122 122 93 0 122 81 122 68 102 122 122 95 117 86 97 122 59 67 75 103 109 122 114 122 116 90 120 
0 127 123 128 152 93 109 0 81 127 68 102 152 126 95 117 86 97 191 59 67 75 103 109 123 114 142 116 90 120 
0 127 123 128 152 93 109 158 0 127 68 102 152 126 95 117 86 97 183 59 67 75 103 109 123 114 142 116 90 120 
0 65 65 65 65 65 65 65 65 0 65 65 65 65 65 65 65 65 65 59 65 65 65 65 65 65 65 65 65 65 
0 54 54 54 54 54 54 54 54 54 0 54 54 54 54 54 54 54 54 54 54 54 54 54 54 54 54 54 54 68 
0 84 84 84 84 84 84 84 81 84 68 0 84 84 84 84 84 84 84 59 67 75 84 84 84 84 84 84 84 101 
0 122 122 122 122 93 109 122 81 122 68 102 0 122 95 117 86 97 122 59 67 75 103 109 122 114 122 116 90 120 
0 127 123 128 152 93 109 158 81 127 68 102 152 0 95 117 86 97 191 59 67 75 103 109 123 114 142 116 90 120 
0 127 123 128 152 93 109 158 81 127 68 102 152 126 0 117 86 97 191 59 67 75 103 109 123 114 142 116 90 120 
0 127 123 128 143 93 109 143 81 127 68 102 143 126 95 0 86 97 143 59 67 75 103 109 123 114 142 116 90 120 
0 43 43 43 43 43 43 43 43 43 43 43 43 43 43 43 0 43 43 43 43 43 43 43 43 43 43 43 43 53 
0 127 123 128 152 93 109 158 81 127 68 102 152 126 95 117 86 0 191 59 67 75 103 109 123 114 142 116 90 120 
0 121 121 121 121 93 109 121 81 121 68 102 121 121 95 117 86 97 0 59 67 75 103 109 121 114 121 116 90 120 
0 115 115 115 115 93 109 115 81 115 68 102 115 115 95 115 86 97 115 0 67 75 103 109 115 114 115 115 90 115 
0 85 85 85 85 85 85 85 81 85 68 85 85 85 85 85 85 85 85 59 0 75 85 85 85 85 85 85 85 85 
0 110 110 110 110 93 109 110 81 110 68 102 110 110 95 110 86 97 110 59 67 0 103 109 110 110 110 110 90 110 
0 84 84 84 84 84 84 84 81 84 68 84 84 84 84 84 84 84 84 59 67 75 0 84 84 84 84 84 84 84 
0 96 96 96 96 93 96 96 81 96 68 96 96 96 95 96 86 96 96 59 67 75 96 0 96 96 96 96 90 96 
0 127 123 128 152 93 109 158 81 127 68 102 152 126 95 117 86 97 167 59 67 75 103 109 0 114 142 116 90 120 
0 117 117 117 117 93 109 117 81 117 68 102 117 117 95 117 86 97 117 59 67 75 103 109 117 0 117 116 90 117 
0 95 95 95 95 93 95 95 81 95 68 95 95 95 95 95 86 95 95 59 67 75 95 95 95 95 0 95 90 95 
0 43 43 43 43 43 43 43 43 43 43 43 43 43 43 43 43 43 43 43 43 43 43 43 43 43 43 0 43 43 
0 125 123 125 125 93 109 125 81 125 68 102 125 125 95 117 86 97 125 59 67 75 103 109 123 114 125 116 0 120 
0 0 0 0 0 0 0 0 0 0 0 0 0 0 0 0 0 0 0 0 0 0 0 0 0 0 0 0 0 0 
0