71 341 30 0
1 20 20
20 27 20
27 9 20
9 19 20
19 2 20
2 18 20
18 16 20
16 26 20
26 23 20
23 4 20
4 21 20
21 17 20
17 10 20
10 12 20
12 5 20
5 28 20
28 29 20
29 6 20
6 8 20
8 7 20
7 24 20
24 15 20
15 22 20
22 25 20
25 14 20
14 3 20
3 13 20
13 11 20
7 30 20
1 11 11
1 18 7
1 9 8
1 5 17
1 29 13
1 16 1
1 14 15
1 8 4
1 26 7
1 6 3
1 15 11
1 21 10
1 2 15
1 17 2
1 13 8
1 30 17
2 23 18
2 12 3
2 24 3
2 25 13
2 15 17
2 9 13
2 7 9
2 8 15
2 28 10
2 14 14
2 6 17
2 29 1
2 21 15
2 26 4
2 16 20
3 19 10
3 20 3
3 4 2
3 7 19
3 18 8
3 27 12
3 26 6
3 21 8
3 25 4
3 17 20
3 29 15
3 2 5
3 16 7
3 24 15
4 20 2
4 17 9
4 28 19
4 18 5
4 14 3
4 27 18
4 19 1
4 22 4
4 7 7
4 8 11
4 16 9
4 15 14
4 10 5
4 24 16
4 5 7
5 3 14
5 24 17
5 18 20
5 27 18
5 10 7
5 16 4
5 7 15
6 21 8
6 5 9
6 7 14
6 22 10
6 28 18
6 25 12
6 17 11
6 15 4
6 4 19
6 18 5
6 26 6
6 9 4
6 13 12
6 11 3
6 27 20
6 14 3
6 16 1
7 19 12
7 12 18
7 13 14
7 23 4
7 14 4
8 26 14
8 21 18
8 3 20
8 19 7
8 18 1
8 29 9
8 14 19
8 25 11
8 5 2
9 11 8
9 24 14
9 12 6
9 5 8
9 20 17
9 29 14
9 28 16
9 16 2
9 7 14
9 13 3
9 14 4
9 26 4
9 15 3
9 21 2
9 22 3
9 25 8
10 8 19
10 15 14
10 2 10
10 18 6
10 13 5
10 28 14
10 3 19
10 21 20
10 24 1
10 9 6
10 23 14
11 10 18
11 16 19
11 17 12
11 22 6
11 20 20
11 14 20
11 12 3
11 5 6
11 24 18
11 4 12
11 7 5
11 3 18
11 28 8
11 27 12
11 8 8
11 19 12
12 28 1
12 18 3
12 23 12
12 17 7
12 14 6
13 23 15
13 12 15
13 5 3
13 22 11
13 16 8
13 19 9
13 21 11
13 27 18
13 8 5
14 19 3
14 27 17
14 5 20
14 21 5
14 28 1
14 17 15
17 19 10
17 16 16
17 23 12
17 2 8
17 15 19
17 9 4
17 13 13
17 26 1
17 28 13
17 8 6
17 27 12
18 19 14
18 24 12
18 14 17
18 28 19
18 17 10
18 7 20
18 25 13
18 20 1
18 9 17
19 5 16
19 25 8
19 12 20
19 20 14
19 29 5
19 22 5
20 12 4
20 13 2
20 8 6
20 24 1
20 14 19
20 7 16
20 5 9
20 25 11
20 16 9
20 29 7
20 21 9
21 11 15
21 7 3
22 5 17
22 16 4
22 20 3
22 28 16
22 24 15
22 8 3
22 23 15
22 3 15
22 29 3
23 29 12
23 9 19
23 21 7
23 16 17
23 11 8
23 24 18
24 21 15
25 16 19
26 21 13
3 30 1
4 30 3
6 30 14
8 30 7
9 30 11
11 30 5
12 30 17
13 30 16
14 30 20
17 30 12
19 30 15
20 30 13
9 31 8
31 27 8
19 32 17
32 9 17
2 33 3
33 19 3
18 34 12
34 2 12
4 35 2
35 23 2
6 36 6
36 29 6
8 37 12
37 6 12
9 38 6
38 2 6
7 39 15
39 2 15
8 40 5
40 2 5
19 41 14
41 3 14
20 42 15
42 3 15
4 43 8
43 3 8
20 44 12
44 4 12
17 45 17
45 4 17
18 46 19
46 4 19
19 47 3
47 4 3
22 48 11
48 4 11
7 49 14
49 4 14
10 50 7
50 4 7
16 51 20
51 5 20
7 52 8
52 5 8
7 53 15
53 6 15
22 54 18
54 6 18
17 55 12
55 6 12
14 56 12
56 6 12
19 57 6
57 7 6
23 58 2
58 7 2
18 59 11
59 8 11
14 60 20
60 8 20
22 61 10
61 9 10
18 62 7
62 10 7
21 63 16
63 10 16
22 64 8
64 11 8
20 65 20
65 11 20
18 66 17
66 12 17
22 67 8
67 13 8
19 68 17
68 14 17
19 69 11
69 17 11
24 70 14
70 22 14
23 71 20
71 22 20
0 96 143 136 152 109 150 128 118 73 93 106 85 152 102 152 117 75 101 80 152 93 112 150 100 62 152 152 105 169 
0 0 143 136 145 106 150 124 110 73 82 106 77 146 91 155 115 68 101 60 151 93 112 150 100 55 155 155 92 154 
0 81 0 136 145 106 150 124 110 73 82 106 77 146 91 154 115 68 101 60 151 93 112 150 100 55 154 154 92 154 
0 81 143 0 145 106 150 124 110 73 82 106 77 146 91 155 115 68 101 60 151 93 112 150 100 55 155 155 92 154 
0 81 115 115 0 106 115 115 110 73 82 106 77 115 91 115 115 68 101 60 115 93 112 115 100 55 115 115 92 115 
0 81 143 136 145 0 150 124 110 73 82 106 77 146 91 155 115 68 101 60 151 93 112 150 100 55 155 155 92 154 
0 81 124 124 124 106 0 124 110 73 82 106 77 124 91 124 115 68 101 60 124 93 112 124 100 55 124 124 92 144 
0 81 138 136 138 106 138 0 110 73 82 106 77 138 91 138 115 68 101 60 138 93 112 138 100 55 138 138 92 145 
0 81 142 136 142 106 142 124 0 73 82 106 77 142 91 142 115 68 101 60 142 93 112 142 100 55 150 152 92 153 
0 81 143 136 145 106 150 124 110 0 82 106 77 146 91 155 115 68 101 60 151 93 112 150 100 55 155 155 92 154 
0 81 143 136 145 106 150 124 110 73 0 106 77 146 91 155 115 68 101 60 151 93 112 150 100 55 155 155 92 154 
0 49 49 49 49 49 49 49 49 49 49 0 49 49 49 49 49 49 49 49 49 49 49 49 49 49 49 49 49 66 
0 81 115 115 115 106 115 115 110 73 82 106 0 115 91 115 115 68 101 60 115 93 112 115 100 55 115 115 92 131 
0 81 113 113 113 106 113 113 110 73 82 106 77 0 91 113 113 68 101 60 113 93 112 113 100 55 113 113 92 133 
0 20 20 20 20 20 20 20 20 20 20 20 20 20 0 20 20 20 20 20 20 20 20 20 20 20 20 20 20 20 
0 40 40 40 40 40 40 40 40 40 40 40 40 40 40 0 40 40 40 40 40 40 40 40 40 40 40 40 40 40 
0 81 143 136 145 106 150 124 110 73 82 106 77 146 91 155 0 68 101 60 151 93 112 150 100 55 155 155 92 154 
0 81 143 136 145 106 150 124 110 73 82 106 77 146 91 155 115 0 101 60 151 93 112 150 100 55 155 155 92 154 
0 81 143 136 145 106 150 124 110 73 82 106 77 146 91 155 115 68 0 60 151 93 112 150 100 55 155 155 92 154 
0 81 143 136 145 106 150 124 110 73 82 106 77 146 91 155 115 68 101 0 151 93 112 150 100 55 155 155 92 154 
0 54 54 54 54 54 54 54 54 54 54 54 54 54 54 54 54 54 54 54 0 54 54 54 54 54 54 54 54 54 
0 81 143 136 145 106 150 124 110 73 82 106 77 146 91 155 115 68 101 60 151 0 112 150 100 55 155 155 92 154 
0 81 123 123 123 106 123 123 110 73 82 106 77 123 91 123 115 68 101 60 123 93 0 123 100 55 123 123 92 123 
0 49 49 49 49 49 49 49 49 49 49 49 49 49 49 49 49 49 49 49 49 49 49 0 49 49 49 49 49 49 
0 39 39 39 39 39 39 39 39 39 39 39 39 39 39 39 39 39 39 39 39 39 39 39 0 39 39 39 39 39 
0 33 33 33 33 33 33 33 33 33 33 33 33 33 33 33 33 33 33 33 33 33 33 33 33 0 33 33 33 33 
0 20 20 20 20 20 20 20 20 20 20 20 20 20 20 20 20 20 20 20 20 20 20 20 20 20 0 20 20 20 
0 20 20 20 20 20 20 20 20 20 20 20 20 20 20 20 20 20 20 20 20 20 20 20 20 20 20 0 20 20 
0 20 20 20 20 20 20 20 20 20 20 20 20 20 20 20 20 20 20 20 20 20 20 20 20 20 20 20 0 20 
0 0 0 0 0 0 0 0 0 0 0 0 0 0 0 0 0 0 0 0 0 0 0 0 0 0 0 0 0 0 
0