86 356 30 0
1 27 20
27 4 20
4 10 20
10 23 20
23 5 20
5 25 20
25 11 20
11 21 20
21 20 20
20 16 20
16 15 20
15 22 20
22 28 20
28 18 20
18 7 20
7 19 20
19 14 20
14 12 20
12 6 20
6 17 20
17 9 20
9 3 20
3 29 20
29 26 20
26 2 20
2 8 20
8 24 20
24 13 20
13 30 20
1 9 14
1 30 15
2 7 5
2 10 19
2 6 13
2 3 12
2 15 9
2 5 17
2 29 14
2 25 7
2 17 13
2 12 13
2 18 19
3 21 10
3 10 19
3 4 16
3 8 17
3 13 18
3 24 11
3 7 2
3 23 19
4 17 3
4 29 8
4 5 10
4 7 9
4 18 3
4 12 5
4 22 20
5 8 12
5 17 16
5 19 6
5 7 14
5 24 18
5 10 5
5 3 17
5 18 1
5 15 7
5 21 3
5 27 15
6 11 2
6 16 6
6 22 16
6 21 8
6 13 19
6 29 18
6 25 1
6 8 2
6 10 1
6 20 9
6 3 2
6 24 3
7 17 4
7 23 1
8 19 8
8 11 16
8 18 15
8 12 7
8 27 11
8 28 14
8 22 16
8 21 17
8 25 17
8 7 15
8 4 14
8 9 19
8 29 9
8 14 8
8 23 2
8 15 3
9 29 1
9 19 2
10 15 7
10 8 13
10 21 16
10 11 12
10 20 6
10 19 17
10 26 5
10 14 10
11 3 13
11 22 8
11 13 1
11 4 11
11 20 5
11 2 4
11 5 3
11 27 13
11 7 16
11 26 5
11 28 9
11 17 12
11 18 10
12 3 13
12 27 11
13 22 7
13 26 1
13 23 9
13 8 6
13 29 9
13 27 9
13 9 6
13 18 9
13 15 13
13 20 20
14 7 6
14 28 7
14 13 14
14 16 17
14 17 2
14 21 7
14 22 15
14 27 6
14 9 20
14 24 19
14 6 19
15 14 9
15 29 8
15 28 5
15 25 18
15 12 8
15 20 16
15 19 17
15 17 11
16 18 4
16 9 13
16 24 9
16 27 18
16 12 1
16 19 8
16 4 3
16 26 3
16 22 3
16 2 10
17 10 14
17 18 15
17 19 8
17 20 1
17 3 7
17 27 10
17 23 18
17 26 11
17 29 17
17 25 3
18 3 13
18 23 4
18 22 5
18 24 18
18 9 17
18 29 15
18 14 10
18 26 1
18 12 4
18 15 9
20 8 12
20 24 9
20 14 13
20 25 7
20 23 17
20 4 17
21 12 1
21 9 16
21 26 10
21 27 19
21 13 5
21 23 3
21 16 10
21 24 6
22 2 12
22 17 20
22 5 13
22 12 17
22 21 13
22 20 20
22 26 18
23 16 10
23 4 1
23 15 5
23 6 10
23 29 7
23 26 3
24 10 18
24 22 17
24 4 6
24 2 6
24 29 2
24 11 15
24 9 18
24 12 3
24 15 4
24 28 1
24 19 15
25 23 18
25 18 15
25 10 3
25 19 4
27 18 4
27 3 10
27 22 9
27 23 2
27 24 9
27 20 8
27 6 5
27 15 7
27 10 7
27 9 12
27 19 18
27 7 8
27 29 4
28 27 1
28 19 3
28 2 2
28 6 14
28 16 6
2 30 13
3 30 4
5 31 15
31 23 15
25 32 1
32 5 1
21 33 15
33 11 15
16 34 4
34 20 4
14 35 1
35 19 1
6 36 13
36 12 13
3 37 7
37 9 7
8 38 9
38 2 9
6 39 7
39 2 7
3 40 18
40 2 18
5 41 19
41 2 19
17 42 8
42 2 8
10 43 18
43 3 18
8 44 1
44 3 1
17 45 2
45 4 2
12 46 3
46 4 3
8 47 7
47 5 7
17 48 17
48 5 17
18 49 7
49 5 7
21 50 4
50 5 4
27 51 20
51 5 20
11 52 3
52 6 3
16 53 4
53 6 4
22 54 9
54 6 9
21 55 7
55 6 7
8 56 19
56 6 19
10 57 2
57 6 2
11 58 15
58 8 15
18 59 16
59 8 16
27 60 3
60 8 3
28 61 2
61 8 2
22 62 15
62 8 15
21 63 9
63 8 9
29 64 1
64 8 1
15 65 12
65 8 12
14 66 19
66 10 19
22 67 1
67 11 1
13 68 15
68 11 15
27 69 18
69 11 18
28 70 16
70 11 16
27 71 16
71 12 16
27 72 13
72 13 13
18 73 6
73 13 6
16 74 2
74 14 2
27 75 7
75 14 7
20 76 11
76 15 11
18 77 3
77 16 3
24 78 6
78 16 6
20 79 8
79 17 8
27 80 8
80 17 8
25 81 5
81 17 5
22 82 10
82 18 10
24 83 6
83 18 6
24 84 8
84 20 8
23 85 18
85 21 18
28 86 6
86 24 6
0 34 34 34 34 34 34 34 34 34 34 34 34 34 34 34 34 34 34 34 34 34 34 34 34 34 34 34 34 49 
0 0 126 93 119 125 95 148 148 125 130 108 96 79 95 78 122 131 127 117 112 136 128 128 73 77 113 56 132 37 
0 115 0 93 119 125 95 153 148 125 130 108 96 79 95 78 122 131 127 117 112 136 128 128 73 77 113 56 132 37 
0 78 78 0 78 78 78 78 78 78 78 78 78 78 78 78 78 78 78 78 78 78 78 78 73 77 78 56 78 37 
0 115 126 93 0 125 95 155 148 125 130 108 96 79 95 78 122 131 127 117 112 136 128 128 73 77 113 56 132 37 
0 115 126 93 119 0 95 127 127 125 127 108 96 79 95 78 122 127 127 117 112 127 127 127 73 77 113 56 127 37 
0 25 25 25 25 25 0 25 25 25 25 25 25 25 25 25 25 25 25 25 25 25 25 25 25 25 25 25 25 25 
0 115 126 93 119 125 95 0 148 125 130 108 96 79 95 78 122 131 127 117 112 136 128 128 73 77 113 56 132 37 
0 23 23 23 23 23 23 23 0 23 23 23 23 23 23 23 23 23 23 23 23 23 23 23 23 23 23 23 23 23 
0 115 126 93 119 125 95 126 126 0 126 108 96 79 95 78 122 126 126 117 112 126 126 126 73 77 113 56 126 37 
0 115 126 93 119 125 95 148 148 125 0 108 96 79 95 78 122 131 127 117 112 136 128 128 73 77 113 56 132 37 
0 47 47 47 47 47 47 47 47 47 47 0 47 47 47 47 47 47 47 47 47 47 47 47 47 47 47 47 47 37 
0 104 104 93 104 104 95 104 104 104 104 104 0 79 95 78 104 104 104 104 104 104 104 104 73 77 104 56 104 37 
0 115 126 93 119 125 95 155 148 125 130 108 96 0 95 78 122 131 127 117 112 136 128 128 73 77 113 56 132 37 
0 115 124 93 119 124 95 124 124 124 124 108 96 79 0 78 122 124 124 117 112 124 124 124 73 77 113 56 124 37 
0 102 102 93 102 102 95 102 102 102 102 102 96 79 95 0 102 102 102 102 102 102 102 102 73 77 102 56 102 37 
0 115 126 93 119 125 95 144 144 125 130 108 96 79 95 78 0 131 127 117 112 136 128 128 73 77 113 56 132 37 
0 115 126 93 119 125 95 148 148 125 130 108 96 79 95 78 122 0 127 117 112 136 128 128 73 77 113 56 132 37 
0 20 20 20 20 20 20 20 20 20 20 20 20 20 20 20 20 20 0 20 20 20 20 20 20 20 20 20 20 20 
0 114 114 93 114 114 95 114 114 114 114 108 96 79 95 78 114 114 114 0 112 114 114 114 73 77 113 56 114 37 
0 115 125 93 119 125 95 125 125 125 125 108 96 79 95 78 122 125 125 117 0 125 125 125 73 77 113 56 125 37 
0 115 126 93 119 125 95 155 148 125 130 108 96 79 95 78 122 131 127 117 112 0 128 128 73 77 113 56 132 37 
0 74 74 74 74 74 74 74 74 74 74 74 74 74 74 74 74 74 74 74 74 74 0 74 73 74 74 56 74 37 
0 115 126 93 119 125 95 145 145 125 130 108 96 79 95 78 122 131 127 117 112 136 128 0 73 77 113 56 132 37 
0 66 66 66 66 66 66 66 66 66 66 66 66 66 66 66 66 66 66 66 66 66 66 66 0 66 66 56 66 37 
0 20 20 20 20 20 20 20 20 20 20 20 20 20 20 20 20 20 20 20 20 20 20 20 20 0 20 20 20 20 
0 115 126 93 119 125 95 155 148 125 130 108 96 79 95 78 122 131 127 117 112 136 128 128 73 77 0 56 132 37 
0 70 70 70 70 70 70 70 70 70 70 70 70 70 70 70 70 70 70 70 70 70 70 70 70 70 70 0 70 37 
0 21 21 21 21 21 21 21 21 21 21 21 21 21 21 21 21 21 21 21 21 21 21 21 21 21 21 21 0 21 
0 0 0 0 0 0 0 0 0 0 0 0 0 0 0 0 0 0 0 0 0 0 0 0 0 0 0 0 0 0 
0