76 346 30 0
1 26 20
26 20 20
20 28 20
28 24 20
24 7 20
7 11 20
11 14 20
14 10 20
10 3 20
3 12 20
12 2 20
2 22 20
22 23 20
23 15 20
15 25 20
25 4 20
4 21 20
21 16 20
16 9 20
9 17 20
17 18 20
18 6 20
6 8 20
8 29 20
29 27 20
27 13 20
13 5 20
5 19 20
6 30 20
1 16 15
1 6 3
1 22 14
1 23 7
1 11 15
1 12 2
1 4 4
1 5 16
1 14 2
1 8 7
1 10 14
1 3 1
1 25 4
2 11 1
2 13 11
2 3 17
2 23 7
2 10 19
2 8 3
2 9 20
2 27 12
2 6 14
2 18 6
2 28 1
2 16 1
3 28 5
3 6 16
3 9 3
3 26 6
3 4 16
3 17 11
3 7 3
3 24 12
3 18 9
3 14 10
4 19 17
4 26 15
4 8 7
4 28 16
4 9 3
4 6 8
4 17 19
4 15 15
4 10 9
4 5 13
4 12 10
4 27 19
7 29 8
7 13 18
7 18 17
7 27 5
7 14 10
7 28 12
7 22 18
7 19 12
7 12 1
7 16 14
7 26 17
7 15 7
7 8 13
7 10 8
8 26 6
8 12 4
8 9 10
8 5 13
8 22 10
8 23 9
8 16 11
8 28 3
8 14 10
8 27 9
8 17 4
8 11 6
9 19 7
9 7 14
10 15 12
10 16 3
11 18 19
11 29 14
11 17 20
11 20 9
11 23 15
11 15 18
11 5 18
11 19 18
11 4 13
11 27 9
11 6 3
11 26 5
11 24 14
12 17 9
12 13 19
12 10 8
12 23 15
12 25 1
12 21 6
13 21 16
13 4 2
13 26 17
13 28 13
13 16 9
13 14 13
13 25 11
13 17 13
13 19 17
13 6 20
13 29 10
13 22 2
13 11 20
13 23 17
13 3 15
14 29 19
14 6 6
14 28 12
14 12 7
14 4 18
14 27 11
14 22 15
14 21 6
14 17 16
14 19 6
14 16 1
15 5 3
15 16 9
15 18 7
15 21 7
15 28 8
15 14 17
17 27 19
17 5 17
18 21 10
18 4 3
18 29 12
18 13 16
19 25 13
19 22 10
19 29 20
21 23 19
21 7 12
21 19 2
21 25 2
21 20 19
21 24 8
21 5 19
21 26 7
21 2 16
21 8 1
21 28 15
21 17 3
21 29 1
21 9 9
21 11 3
22 24 3
22 6 13
22 29 17
23 6 12
23 10 17
23 18 17
23 29 1
23 4 12
23 25 14
23 19 13
23 24 3
23 28 10
23 27 2
23 9 2
23 16 11
24 13 6
24 26 3
24 17 12
24 16 15
24 20 15
24 4 11
24 2 14
25 28 17
25 26 2
25 16 19
25 5 16
25 14 5
25 22 15
25 8 17
25 11 8
25 17 19
25 3 4
25 29 14
26 15 17
26 19 10
26 17 7
26 12 5
26 22 17
27 19 14
27 20 10
27 25 9
27 28 11
28 19 16
28 5 4
28 26 16
29 2 8
29 9 18
29 3 15
29 17 8
29 26 6
29 15 6
29 24 18
29 10 11
29 4 15
2 30 5
3 30 18
4 30 2
9 30 7
11 30 4
15 30 8
17 30 19
18 30 20
19 30 20
20 30 5
21 30 6
22 30 5
23 30 12
24 30 19
25 30 8
26 30 17
27 30 18
28 30 11
29 30 5
28 31 16
31 20 16
24 32 16
32 28 16
11 33 4
33 7 4
14 34 13
34 11 13
23 35 10
35 22 10
9 36 6
36 16 6
27 37 16
37 29 16
13 38 17
38 27 17
13 39 7
39 2 7
3 40 4
40 2 4
23 41 7
41 2 7
10 42 2
42 2 2
4 43 8
43 3 8
17 44 13
44 3 13
7 45 1
45 3 1
19 46 18
46 4 18
13 47 20
47 7 20
27 48 14
48 7 14
14 49 13
49 7 13
26 50 5
50 7 5
8 51 10
51 7 10
23 52 9
52 8 9
14 53 5
53 8 5
11 54 8
54 8 8
15 55 17
55 10 17
23 56 17
56 11 17
26 57 20
57 11 20
24 58 16
58 11 16
17 59 7
59 12 7
23 60 2
60 12 2
25 61 18
61 12 18
21 62 16
62 12 16
21 63 4
63 13 4
26 64 16
64 13 16
29 65 10
65 13 10
22 66 18
66 13 18
29 67 4
67 14 4
16 68 13
68 14 13
18 69 12
69 15 12
21 70 9
70 15 9
29 71 6
71 18 6
29 72 14
72 19 14
23 73 2
73 21 2
24 74 13
74 21 13
29 75 13
75 22 13
25 76 10
76 23 10
0 78 94 124 124 115 115 90 85 123 124 92 124 104 116 124 124 101 124 89 80 124 119 78 74 120 123 124 124 124 
0 0 93 128 123 112 115 83 85 109 124 90 132 102 116 119 132 101 132 89 80 130 112 78 70 100 123 132 132 137 
0 78 0 115 115 112 115 83 85 109 115 90 115 102 115 115 115 101 115 89 80 115 112 78 70 100 115 115 115 133 
0 78 93 0 123 112 115 83 85 109 124 90 138 102 116 119 161 101 166 89 80 130 112 78 70 100 123 159 152 181 
0 20 20 20 0 20 20 20 20 20 20 20 20 20 20 20 20 20 20 20 20 20 20 20 20 20 20 20 20 20 
0 20 20 20 20 0 20 20 20 20 20 20 20 20 20 20 20 20 20 20 20 20 20 20 20 20 20 20 20 40 
0 78 93 128 123 112 0 83 85 109 124 90 138 102 116 119 161 101 166 89 80 130 112 78 70 100 123 159 152 181 
0 78 93 125 123 112 115 0 85 109 124 90 125 102 116 119 125 101 125 89 80 125 112 78 70 100 123 125 125 125 
0 47 47 47 47 47 47 47 0 47 47 47 47 47 47 47 47 47 47 47 47 47 47 47 47 47 47 47 47 54 
0 37 37 37 37 37 37 37 37 0 37 37 37 37 37 37 37 37 37 37 37 37 37 37 37 37 37 37 37 37 
0 78 93 128 123 112 115 83 85 109 0 90 138 102 116 119 161 101 166 89 80 130 112 78 70 100 123 159 152 211 
0 78 78 78 78 78 78 78 78 78 78 0 78 78 78 78 78 78 78 78 78 78 78 78 70 78 78 78 78 78 
0 78 93 128 123 112 115 83 85 109 124 90 0 102 116 119 161 101 166 89 80 130 112 78 70 100 123 159 152 229 
0 78 93 128 123 112 115 83 85 109 124 90 138 0 116 119 161 101 166 89 80 130 112 78 70 100 123 159 152 168 
0 78 88 88 88 88 88 83 85 88 88 88 88 88 0 88 88 88 88 88 80 88 88 78 70 88 88 88 88 96 
0 33 33 33 33 33 33 33 33 33 33 33 33 33 33 0 33 33 33 33 33 33 33 33 33 33 33 33 33 33 
0 76 76 76 76 76 76 76 76 76 76 76 76 76 76 76 0 76 76 76 76 76 76 76 70 76 76 76 76 95 
0 73 73 73 73 73 73 73 73 73 73 73 73 73 73 73 73 0 73 73 73 73 73 73 70 73 73 73 73 93 
0 61 61 61 61 61 61 61 61 61 61 61 61 61 61 61 61 61 0 61 61 61 61 61 61 61 61 61 61 81 
0 20 20 20 20 20 20 20 20 20 20 20 20 20 20 20 20 20 20 0 20 20 20 20 20 20 20 20 20 25 
0 78 93 128 123 112 115 83 85 109 124 90 138 102 116 119 161 101 166 89 0 130 112 78 70 100 123 159 152 191 
0 71 71 71 71 71 71 71 71 71 71 71 71 71 71 71 71 71 71 71 71 0 71 71 70 71 71 71 71 76 
0 78 93 128 123 112 115 83 85 109 124 90 138 102 116 119 161 101 166 89 80 130 0 78 70 100 123 159 152 193 
0 78 93 128 123 112 115 83 85 109 124 90 138 102 116 119 141 101 141 89 80 130 112 0 70 100 123 141 141 160 
0 78 93 128 123 112 115 83 85 109 124 90 138 102 116 119 161 101 166 89 80 130 112 78 0 100 123 159 152 192 
0 78 93 117 117 112 115 83 85 109 117 90 117 102 116 117 117 101 117 89 80 117 112 78 70 0 117 117 117 134 
0 78 93 94 94 94 94 83 85 94 94 90 94 94 94 94 94 94 94 89 80 94 94 78 70 94 0 94 94 112 
0 56 56 56 56 56 56 56 56 56 56 56 56 56 56 56 56 56 56 72 56 56 56 56 56 56 56 0 56 72 
0 78 93 128 123 112 115 83 85 109 124 90 138 102 116 119 161 101 166 89 80 130 112 78 70 100 123 159 0 177 
0 0 0 0 0 0 0 0 0 0 0 0 0 0 0 0 0 0 0 0 0 0 0 0 0 0 0 0 0 0 
0