81 351 30 0
1 23 20
23 28 20
28 24 20
24 2 20
2 29 20
29 17 20
17 12 20
12 20 20
20 4 20
4 9 20
9 26 20
26 6 20
6 19 20
19 10 20
10 7 20
7 22 20
22 16 20
16 11 20
11 25 20
25 8 20
8 3 20
3 21 20
21 14 20
14 18 20
18 13 20
13 15 20
15 27 20
27 5 20
8 30 20
1 8 4
1 2 11
1 5 6
1 9 13
1 25 14
1 16 18
1 21 17
1 14 6
1 20 19
1 18 1
1 11 17
1 30 9
2 11 3
2 10 16
2 21 20
2 18 16
2 6 15
2 7 17
2 20 15
2 12 17
2 19 1
2 14 3
2 27 6
2 4 13
2 22 1
2 17 10
2 9 10
2 28 19
2 16 20
3 29 18
3 10 19
3 9 8
3 4 8
3 11 7
3 27 12
3 13 4
3 22 19
3 18 1
3 19 8
3 17 10
3 7 1
4 18 11
4 22 16
4 5 18
4 25 7
4 12 16
4 27 12
4 29 19
4 21 2
4 16 12
4 26 17
4 24 4
4 15 17
4 6 14
4 19 7
5 28 15
5 21 20
5 14 8
5 18 6
5 26 9
5 24 8
5 6 4
5 20 9
5 23 1
7 21 14
8 28 20
8 24 15
8 11 7
9 18 1
9 14 12
9 25 12
10 21 9
10 14 19
10 16 15
10 23 11
10 18 15
10 6 13
10 15 6
10 22 8
10 27 18
11 12 16
11 26 13
11 24 13
11 21 8
11 9 8
11 15 3
11 18 16
11 29 14
11 10 8
11 23 16
11 19 19
12 19 7
12 28 10
12 3 11
12 14 12
12 16 11
12 10 6
12 9 13
12 18 13
12 22 19
12 13 13
12 6 14
13 29 8
13 23 15
13 19 11
14 4 13
14 6 5
14 25 2
14 27 19
15 22 19
15 14 16
15 6 2
15 9 4
15 7 6
15 16 10
15 12 4
15 19 5
15 25 7
15 2 10
16 21 11
16 5 2
16 25 1
16 17 14
16 18 20
16 28 2
16 24 16
16 29 5
16 27 4
16 6 12
16 3 9
16 14 5
17 25 8
17 9 8
17 19 5
18 24 12
18 28 11
18 21 19
18 8 11
18 22 15
18 6 20
18 26 1
18 25 11
19 29 5
19 28 13
19 9 8
19 22 11
20 13 4
20 25 17
20 9 14
20 7 2
20 29 1
20 27 12
20 17 12
20 21 6
20 22 9
20 19 20
22 5 5
22 26 16
22 25 7
23 25 20
23 9 12
23 18 7
23 7 6
23 3 17
23 17 17
23 20 16
23 21 3
24 20 19
24 9 15
24 23 4
24 13 8
25 3 6
25 28 14
25 29 6
25 27 8
26 16 1
26 14 18
26 24 20
26 27 11
26 13 3
26 25 8
26 28 6
26 15 16
26 7 11
27 29 13
27 18 7
27 17 4
27 8 19
27 6 3
27 9 9
27 21 1
27 19 8
27 28 7
27 7 14
27 22 11
28 17 16
28 10 11
28 22 18
28 3 15
28 6 6
28 29 13
29 24 5
2 30 16
3 30 7
4 30 19
7 30 6
10 30 8
13 30 9
17 30 3
19 30 12
20 30 17
21 30 9
22 30 11
23 30 8
24 30 19
25 30 8
26 30 13
27 30 3
28 30 9
29 30 14
29 31 5
31 2 5
20 32 11
32 12 11
4 33 9
33 20 9
26 34 15
34 9 15
10 35 10
35 19 10
16 36 4
36 22 4
11 37 6
37 16 6
18 38 2
38 14 2
27 39 2
39 15 2
5 40 9
40 27 9
18 41 13
41 2 13
12 42 1
42 2 1
27 43 8
43 2 8
16 44 13
44 2 13
29 45 7
45 3 7
27 46 19
46 3 19
18 47 3
47 3 3
19 48 20
48 3 20
5 49 12
49 4 12
25 50 6
50 4 6
12 51 3
51 4 3
16 52 18
52 4 18
26 53 9
53 4 9
15 54 3
54 4 3
28 55 20
55 5 20
21 56 15
56 5 15
18 57 1
57 5 1
23 58 14
58 5 14
28 59 6
59 8 6
18 60 12
60 9 12
25 61 7
61 9 7
23 62 2
62 10 2
27 63 14
63 10 14
12 64 10
64 11 10
26 65 20
65 11 20
28 66 4
66 12 4
14 67 10
67 12 10
18 68 19
68 12 19
25 69 19
69 14 19
27 70 16
70 14 16
16 71 9
71 15 9
25 72 6
72 16 6
28 73 15
73 18 15
26 74 10
74 18 10
25 75 14
75 18 14
28 76 9
76 19 9
25 77 16
77 20 16
27 78 12
78 20 12
21 79 19
79 20 19
28 80 8
80 25 8
27 81 20
81 26 20
0 81 127 105 101 128 77 60 146 96 84 117 52 146 73 119 103 146 130 146 146 146 67 113 142 96 131 137 122 155 
0 0 127 105 95 128 77 56 163 96 67 117 52 150 73 101 103 172 130 135 133 170 47 113 128 96 131 137 122 211 
0 70 0 105 95 128 77 56 135 96 67 117 52 135 73 101 103 135 130 135 133 135 47 113 128 96 131 135 122 142 
0 70 127 0 95 128 77 56 163 96 67 117 52 150 73 101 103 172 130 135 133 170 47 113 128 96 131 137 122 211 
0 70 101 101 0 101 77 56 101 96 67 101 52 101 73 101 101 101 101 101 101 101 47 101 101 96 101 101 101 101 
0 20 20 20 20 0 20 20 20 20 20 20 20 20 20 20 20 20 20 20 20 20 20 20 20 20 20 20 20 20 
0 34 34 34 34 34 0 34 34 34 34 34 34 34 34 34 34 34 34 34 34 34 34 34 34 34 34 34 34 40 
0 62 62 62 62 62 62 0 62 62 62 62 52 62 62 62 62 62 62 62 62 62 47 62 62 62 62 62 62 82 
0 45 45 45 45 45 45 45 0 45 45 45 45 45 45 45 45 45 45 45 45 45 45 45 45 45 45 45 45 45 
0 70 127 105 95 128 77 56 144 0 67 117 52 144 73 101 103 144 130 135 133 144 47 113 128 96 131 137 122 152 
0 70 127 105 95 128 77 56 160 96 0 117 52 150 73 101 103 160 130 135 133 160 47 113 128 96 131 137 122 160 
0 70 127 105 95 128 77 56 163 96 67 0 52 150 73 101 103 163 130 135 133 163 47 113 128 96 131 137 122 163 
0 54 54 54 54 54 54 54 54 54 54 54 0 54 54 54 54 54 54 54 54 54 47 54 54 54 54 54 54 63 
0 69 69 69 69 69 69 56 69 69 67 69 52 0 69 69 69 69 69 69 69 69 47 69 69 69 69 69 69 69 
0 70 106 105 95 106 77 56 106 96 67 106 52 106 0 101 103 106 106 106 106 106 47 106 106 96 106 106 106 106 
0 70 127 105 95 128 77 56 163 96 67 117 52 150 73 0 103 165 130 135 133 165 47 113 128 96 131 137 122 165 
0 41 41 41 41 41 41 41 41 41 41 41 41 41 41 41 0 41 41 41 41 41 41 41 41 41 41 41 41 44 
0 70 127 105 95 128 77 56 163 96 67 117 52 150 73 101 103 0 130 135 133 170 47 113 128 96 131 137 122 170 
0 70 77 77 77 77 77 56 77 77 67 77 52 77 73 77 77 77 0 77 77 77 47 77 77 77 77 77 77 89 
0 70 127 105 95 128 77 56 128 96 67 117 52 128 73 101 103 128 128 0 128 128 47 113 128 96 128 128 122 145 
0 54 54 54 54 54 54 54 54 54 54 54 52 54 54 54 54 54 54 54 0 54 47 54 54 54 54 54 54 63 
0 48 48 48 48 48 48 48 48 48 48 48 48 48 48 48 48 48 48 48 48 0 47 48 48 48 48 48 48 59 
0 70 127 105 95 128 77 56 134 96 67 117 52 134 73 101 103 134 130 134 133 134 0 113 128 96 131 134 122 142 
0 66 66 66 66 66 66 56 66 66 66 66 52 66 66 66 66 66 66 66 66 66 47 0 66 66 66 66 66 85 
0 70 122 105 95 122 77 56 122 96 67 117 52 122 73 101 103 122 122 122 122 122 47 113 0 96 122 122 122 130 
0 70 127 105 95 128 77 56 163 96 67 117 52 150 73 101 103 168 130 135 133 168 47 113 128 0 131 137 122 181 
0 70 127 105 95 128 77 56 163 96 67 117 52 150 73 101 103 172 130 135 133 170 47 113 128 96 0 137 122 210 
0 70 127 105 95 128 77 56 161 96 67 117 52 150 73 101 103 161 130 135 133 161 47 113 128 96 131 0 122 170 
0 37 37 37 37 37 37 37 37 37 37 37 37 37 37 37 37 37 37 37 37 37 37 37 37 37 37 37 0 51 
0 0 0 0 0 0 0 0 0 0 0 0 0 0 0 0 0 0 0 0 0 0 0 0 0 0 0 0 0 0 
0