68 338 30 0
1 6 20
6 17 20
17 5 20
5 25 20
25 8 20
8 22 20
22 26 20
26 20 20
20 18 20
18 21 20
21 14 20
14 9 20
9 11 20
11 13 20
13 15 20
15 27 20
27 2 20
2 16 20
16 23 20
23 7 20
7 29 20
29 3 20
3 12 20
12 19 20
19 4 20
4 24 20
24 28 20
28 10 20
24 30 20
1 20 1
1 7 4
1 10 3
1 18 13
1 29 7
1 11 14
1 21 8
1 22 2
1 30 5
2 21 3
2 12 9
2 4 11
2 14 10
2 9 12
2 7 7
2 8 13
2 26 20
2 22 9
2 28 13
2 20 7
2 3 18
2 15 13
2 6 9
2 19 6
2 18 20
3 26 3
3 8 6
3 10 5
3 13 12
3 11 6
3 7 13
3 16 18
3 6 17
3 9 3
3 22 17
3 20 19
4 15 3
4 22 17
4 12 15
4 13 8
4 9 16
4 28 12
4 11 17
4 7 3
4 25 4
4 29 1
4 3 10
5 27 4
5 9 7
5 15 20
5 7 16
5 12 15
5 3 1
5 10 15
6 25 18
6 4 2
6 29 18
6 21 2
6 16 17
6 14 10
6 28 18
6 18 5
7 9 11
7 8 11
7 10 13
7 17 17
7 25 11
7 27 4
7 19 17
7 18 11
8 15 16
8 18 15
8 20 20
9 6 8
10 17 14
10 11 5
10 27 11
10 12 9
10 29 19
10 18 2
10 26 17
10 14 11
10 24 4
10 13 1
10 23 20
11 15 5
11 18 13
11 14 18
11 16 12
11 8 9
11 5 15
11 22 8
11 25 20
11 12 2
11 28 10
11 20 2
11 23 18
11 17 7
12 22 3
12 16 16
12 21 13
12 17 19
12 25 9
12 9 20
12 24 6
12 23 3
12 14 10
13 26 10
13 18 16
13 2 16
13 12 2
13 16 4
14 8 7
15 12 2
15 28 4
15 3 18
16 20 13
16 15 5
16 21 5
16 14 16
16 10 9
16 25 12
17 25 2
17 2 14
17 21 9
17 24 16
17 29 19
17 15 8
17 9 14
19 5 6
19 3 8
20 4 7
21 26 3
21 23 10
21 7 3
21 8 16
21 29 16
21 10 4
21 9 9
21 15 4
21 13 8
21 3 7
22 5 13
22 19 13
22 13 16
22 9 18
22 24 9
23 2 11
23 28 15
23 13 4
23 14 9
23 17 13
23 22 16
23 26 6
23 5 9
23 20 20
23 8 5
23 25 8
24 19 15
24 9 17
24 26 9
24 15 4
24 23 1
24 16 18
24 2 15
24 25 1
24 8 18
24 11 17
24 20 13
24 21 12
24 7 12
25 19 18
26 17 18
26 16 17
26 11 15
26 29 7
26 7 10
27 22 11
27 3 1
27 20 12
27 17 15
27 21 11
27 25 9
27 4 16
27 16 12
27 9 19
27 23 19
27 14 1
27 11 9
27 6 15
28 12 20
28 19 17
28 14 16
28 7 12
28 3 12
28 20 15
28 16 16
28 22 2
28 27 6
28 18 13
28 29 5
28 9 7
28 21 6
29 23 5
29 20 19
29 24 16
29 16 19
29 9 19
29 8 17
29 19 3
29 14 13
29 12 13
29 15 6
29 27 2
29 5 6
29 11 6
3 30 13
4 30 20
6 30 1
8 30 16
9 30 19
10 30 14
12 30 20
14 30 4
17 30 4
19 30 5
20 30 13
23 30 13
25 30 12
26 30 13
27 30 5
28 30 3
29 30 8
21 31 11
31 18 11
27 32 18
32 15 18
2 33 15
33 27 15
23 34 3
34 16 3
3 35 10
35 29 10
24 36 9
36 4 9
28 37 15
37 24 15
10 38 15
38 28 15
9 39 11
39 2 11
3 40 8
40 2 8
6 41 15
41 2 15
26 42 12
42 3 12
12 43 7
43 4 7
28 44 16
44 4 16
11 45 20
45 4 20
29 46 9
46 4 9
27 47 16
47 5 16
15 48 8
48 5 8
21 49 9
49 6 9
14 50 17
50 6 17
11 51 6
51 10 6
12 52 4
52 10 4
26 53 19
53 10 19
23 54 11
54 10 11
16 55 9
55 11 9
22 56 15
56 11 15
12 57 8
57 11 8
23 58 5
58 11 5
22 59 18
59 12 18
16 60 3
60 13 3
20 61 1
61 16 1
21 62 15
62 16 15
29 63 12
63 17 12
23 64 7
64 21 7
29 65 12
65 21 12
24 66 17
66 22 17
28 67 4
67 23 4
26 68 2
68 24 2
0 72 72 72 72 72 72 72 72 72 72 72 72 72 72 72 72 72 72 72 72 72 72 72 72 72 62 72 72 77 
0 0 107 117 93 75 96 122 192 106 132 125 72 134 122 188 135 126 109 160 100 120 100 88 114 88 62 107 115 203 
0 110 0 117 93 75 96 122 157 106 132 125 72 134 122 157 135 126 109 157 100 120 100 88 114 88 62 107 115 170 
0 110 107 0 93 75 96 122 126 106 126 125 72 126 122 126 126 126 109 126 100 120 100 88 114 88 62 107 115 146 
0 98 98 98 0 75 96 98 98 98 98 98 72 98 98 98 98 98 98 98 98 98 98 88 98 88 62 98 98 98 
0 110 107 117 93 0 96 122 125 106 125 125 72 125 122 125 125 125 109 125 100 120 100 88 114 88 62 107 115 126 
0 110 107 115 93 75 0 115 115 106 115 115 72 115 115 115 115 115 109 115 100 115 100 88 114 88 62 107 115 115 
0 64 64 64 64 64 64 0 64 64 64 64 64 64 64 64 64 71 64 71 64 64 64 64 64 64 62 64 64 87 
0 39 39 39 39 39 39 39 0 39 39 39 39 39 39 39 39 39 39 39 39 39 39 39 39 39 39 39 39 58 
0 110 107 117 93 75 96 122 128 0 128 125 72 128 122 128 128 126 109 128 100 120 100 88 114 88 62 107 115 142 
0 110 107 117 93 75 96 122 185 106 0 125 72 134 122 185 135 126 109 160 100 120 100 88 114 88 62 107 115 185 
0 110 107 117 93 75 96 122 138 106 132 0 72 134 122 138 135 126 109 138 100 120 100 88 114 88 62 107 115 158 
0 68 68 68 68 68 68 68 68 68 68 68 0 68 68 68 68 68 68 68 68 68 68 68 68 68 62 68 68 68 
0 44 44 44 44 44 44 44 44 44 44 44 44 0 44 44 44 44 44 44 44 44 44 44 44 44 44 44 44 48 
0 52 52 52 52 52 52 52 52 52 52 52 52 52 0 52 52 52 52 52 52 52 52 52 52 52 52 52 52 52 
0 92 92 92 92 75 92 92 92 92 92 92 72 92 92 0 92 92 92 92 92 92 92 88 92 88 62 92 92 92 
0 102 102 102 93 75 96 102 102 102 102 102 72 102 102 102 0 102 102 102 100 102 100 88 102 88 62 102 102 106 
0 20 20 20 20 20 20 20 20 20 20 20 20 20 20 20 20 0 20 20 20 20 20 20 20 20 20 20 20 20 
0 34 34 34 34 34 34 34 34 34 34 34 34 34 34 34 34 34 0 34 34 34 34 34 34 34 34 34 34 39 
0 28 28 28 28 28 28 28 28 28 28 28 28 28 28 28 28 28 28 0 28 28 28 28 28 28 28 28 28 41 
0 110 107 117 93 75 96 122 124 106 124 124 72 124 122 124 124 126 109 124 0 120 100 88 114 88 62 107 115 124 
0 110 107 117 93 75 96 122 122 106 122 122 72 122 122 122 122 122 109 122 100 0 100 88 114 88 62 107 115 122 
0 110 107 117 93 75 96 122 162 106 132 125 72 134 122 162 135 126 109 160 100 120 0 88 114 88 62 107 115 175 
0 110 107 117 93 75 96 122 192 106 132 125 72 134 122 188 135 126 109 160 100 120 100 0 114 88 62 107 115 203 
0 38 38 38 38 38 38 38 38 38 38 38 38 38 38 38 38 38 38 38 38 38 38 38 0 38 38 38 38 50 
0 110 107 117 93 75 96 120 120 106 120 120 72 120 120 120 120 120 109 120 100 120 100 88 114 0 62 107 115 133 
0 110 107 117 93 75 96 122 192 106 132 125 72 134 122 188 135 126 109 160 100 120 100 88 114 88 0 107 115 203 
0 110 107 117 93 75 96 122 192 106 132 125 72 134 122 188 135 126 109 160 100 120 100 88 114 88 62 0 115 203 
0 110 107 117 93 75 96 122 192 106 132 125 72 134 122 188 135 126 109 160 100 120 100 88 114 88 62 107 0 203 
0 0 0 0 0 0 0 0 0 0 0 0 0 0 0 0 0 0 0 0 0 0 0 0 0 0 0 0 0 0 
0