79 349 30 0
1 2 20
2 11 20
11 9 20
9 28 20
28 18 20
18 12 20
12 17 20
17 4 20
4 15 20
15 23 20
23 10 20
10 14 20
14 5 20
5 13 20
13 3 20
3 29 20
29 24 20
24 16 20
16 20 20
20 21 20
21 27 20
27 8 20
8 22 20
22 26 20
26 25 20
25 6 20
6 7 20
7 19 20
2 30 20
1 22 7
1 12 8
1 18 9
1 14 7
1 29 16
1 10 14
1 28 2
1 7 12
1 6 3
1 16 18
1 9 3
1 17 10
1 26 3
1 8 3
1 15 20
1 30 7
2 9 13
2 16 6
2 6 20
2 5 4
2 27 18
3 28 11
3 2 2
3 16 12
3 14 15
3 17 14
4 23 19
4 20 3
4 19 17
4 6 3
4 14 15
4 12 5
4 16 18
4 21 19
4 22 15
4 7 1
4 10 18
4 29 4
4 24 15
4 25 1
4 26 10
4 27 9
5 15 20
5 18 6
5 24 8
5 27 4
6 21 18
6 19 16
6 5 7
6 23 6
6 20 11
6 28 1
6 11 5
6 14 4
9 18 4
9 10 2
9 3 16
9 16 7
9 29 19
9 20 12
9 5 1
9 14 4
10 25 2
10 27 18
10 24 13
10 8 13
10 13 16
10 16 15
10 29 17
10 17 2
10 2 15
10 22 19
10 3 7
10 5 16
10 6 7
10 7 5
11 3 7
12 6 16
13 23 14
13 9 10
13 19 9
13 24 3
13 14 4
13 2 9
13 11 11
13 7 8
14 8 11
14 17 13
14 22 11
14 21 19
15 19 3
15 28 8
15 8 20
15 29 14
15 3 19
15 7 17
15 22 16
15 9 15
15 14 4
15 24 3
15 17 10
15 11 16
15 6 7
15 26 18
15 27 10
15 20 12
16 6 20
17 28 18
17 2 16
17 24 11
17 22 8
17 25 11
17 27 17
18 19 18
18 15 7
18 13 2
18 3 19
18 27 11
18 21 10
18 14 17
18 22 4
18 26 19
19 20 10
19 3 4
19 12 10
19 23 4
19 8 9
19 9 4
19 16 8
19 22 18
19 21 18
19 2 10
19 28 1
20 8 6
20 7 18
20 22 14
20 24 5
20 26 14
21 9 10
21 23 2
21 13 17
21 22 3
21 17 15
21 12 9
21 5 14
21 25 5
21 8 7
21 28 20
21 29 9
21 10 20
21 7 15
21 24 4
22 27 7
22 3 11
22 28 18
22 2 16
22 5 15
22 24 5
22 16 3
22 29 20
23 2 14
23 11 7
23 5 2
23 17 1
23 18 8
23 9 15
23 29 6
23 27 12
23 3 13
24 2 19
24 27 20
24 26 8
24 28 16
24 18 4
24 8 17
24 6 12
24 3 20
24 14 7
24 9 5
24 7 6
25 19 7
25 7 4
25 9 10
25 16 18
25 12 6
25 2 17
25 20 3
26 14 15
26 8 14
26 9 8
27 16 14
27 20 13
27 19 16
27 11 4
28 25 2
28 14 6
28 23 15
28 27 11
28 4 2
28 7 16
28 2 10
28 5 7
28 10 17
29 8 12
29 14 7
29 12 7
29 26 5
29 11 16
29 27 6
29 7 6
29 13 16
29 2 6
29 16 18
5 30 3
7 30 15
8 30 6
9 30 16
10 30 4
15 30 16
17 30 6
18 30 2
19 30 14
18 31 16
31 28 16
4 32 17
32 17 17
23 33 11
33 15 11
10 34 16
34 23 16
13 35 6
35 5 6
3 36 11
36 13 11
29 37 5
37 3 5
24 38 3
38 29 3
19 39 5
39 7 5
9 40 17
40 2 17
27 41 14
41 2 14
23 42 15
42 4 15
20 43 15
43 4 15
19 44 17
44 4 17
16 45 9
45 4 9
21 46 18
46 4 18
7 47 12
47 4 12
29 48 11
48 4 11
18 49 17
49 5 17
24 50 17
50 5 17
19 51 19
51 6 19
28 52 16
52 6 16
18 53 19
53 9 19
20 54 2
54 9 2
24 55 4
55 10 4
29 56 6
56 10 6
22 57 4
57 10 4
23 58 1
58 13 1
24 59 1
59 13 1
22 60 11
60 14 11
29 61 17
61 15 17
24 62 20
62 15 20
20 63 12
63 15 12
28 64 7
64 17 7
19 65 8
65 18 8
21 66 19
66 18 19
23 67 9
67 19 9
21 68 11
68 19 11
28 69 16
69 19 16
22 70 17
70 20 17
24 71 11
71 20 11
23 72 8
72 21 8
24 73 4
73 21 4
27 74 11
74 22 11
28 75 20
75 22 20
29 76 20
76 22 20
27 77 15
77 23 15
27 78 1
78 24 1
28 79 14
79 24 14
0 155 141 119 126 143 133 132 134 105 79 65 84 136 127 155 109 78 142 112 116 155 111 102 41 97 155 131 128 109 
0 0 81 81 81 81 81 81 81 81 79 57 81 81 81 81 81 69 81 81 81 81 81 81 41 81 81 81 81 101 
0 85 0 85 85 85 85 85 85 85 79 57 84 85 85 85 85 69 85 85 85 85 85 85 41 85 85 85 85 85 
0 165 141 0 126 140 121 129 131 91 79 57 84 129 107 139 99 69 142 112 116 179 111 102 41 94 163 129 112 102 
0 58 58 58 0 58 58 58 58 58 58 57 58 58 58 58 58 58 58 58 58 58 58 58 41 58 58 58 58 61 
0 88 88 88 88 0 88 88 88 88 79 57 84 88 88 88 88 69 88 88 88 88 88 88 41 88 88 88 88 88 
0 32 32 32 32 32 0 32 32 32 32 32 32 32 32 32 32 32 32 32 32 32 32 32 32 32 32 32 32 47 
0 20 20 20 20 20 20 0 20 20 20 20 20 20 20 20 20 20 20 20 20 20 20 20 20 20 20 20 20 26 
0 102 102 102 102 102 102 102 0 91 79 57 84 102 102 102 99 69 102 102 102 102 102 102 41 94 102 102 102 102 
0 165 141 119 126 140 121 129 131 0 79 57 84 129 107 139 99 69 142 112 116 179 111 102 41 94 163 129 112 102 
0 27 27 27 27 27 27 27 27 27 0 27 27 27 27 27 27 27 27 27 27 27 27 27 27 27 27 27 27 27 
0 36 36 36 36 36 36 36 36 36 36 0 36 36 36 36 36 36 36 36 36 36 36 36 36 36 36 36 36 36 
0 94 94 94 94 94 94 94 94 91 79 57 0 94 94 94 94 69 94 94 94 94 94 94 41 94 94 94 94 94 
0 74 74 74 74 74 74 74 74 74 74 57 74 0 74 74 74 69 74 74 74 74 74 74 41 74 74 74 74 74 
0 165 141 119 126 140 121 129 131 91 79 57 84 129 0 139 99 69 142 112 116 179 111 102 41 94 163 129 112 102 
0 49 49 49 49 49 49 49 49 49 49 49 49 49 49 0 49 49 49 49 49 49 49 49 41 49 49 49 49 49 
0 101 101 101 101 101 101 101 101 91 79 57 84 101 101 101 0 69 101 101 101 101 101 101 41 94 101 101 101 102 
0 165 141 119 126 140 121 129 131 91 79 57 84 129 107 139 99 0 142 112 116 179 111 102 41 94 163 129 112 102 
0 145 141 119 126 140 121 129 131 91 79 57 84 129 107 139 99 69 0 112 116 145 111 102 41 94 145 129 112 102 
0 106 106 106 106 106 106 106 106 91 79 57 84 106 106 106 99 69 106 0 106 106 106 102 41 94 106 106 106 102 
0 165 141 119 126 140 121 129 131 91 79 57 84 129 107 139 99 69 142 112 0 179 111 102 41 94 163 129 112 102 
0 147 141 119 126 140 121 129 131 91 79 57 84 129 107 139 99 69 142 112 116 0 111 102 41 94 147 129 112 102 
0 142 141 119 126 140 121 129 131 91 79 57 84 129 107 139 99 69 142 112 116 142 0 102 41 94 142 129 112 102 
0 165 141 119 126 140 121 129 131 91 79 57 84 129 107 139 99 69 142 112 116 179 111 0 41 94 163 129 112 102 
0 85 85 85 85 85 85 85 85 85 79 57 84 85 85 85 85 69 85 85 85 85 85 85 0 85 85 85 85 85 
0 57 57 57 57 57 57 57 57 57 57 57 57 57 57 57 57 57 57 57 57 57 57 57 41 0 57 57 57 57 
0 108 108 108 108 108 108 108 108 91 79 57 84 108 107 108 99 69 108 108 108 108 108 102 41 94 0 108 108 102 
0 165 141 119 126 140 121 129 131 91 79 57 84 129 107 139 99 69 142 112 116 179 111 102 41 94 163 0 112 102 
0 165 141 119 126 140 121 129 131 91 79 57 84 129 107 139 99 69 142 112 116 178 111 102 41 94 163 129 0 102 
0 0 0 0 0 0 0 0 0 0 0 0 0 0 0 0 0 0 0 0 0 0 0 0 0 0 0 0 0 0 
0