81 351 30 0
1 3 20
3 27 20
27 24 20
24 4 20
4 13 20
13 10 20
10 2 20
2 25 20
25 9 20
9 8 20
8 11 20
11 7 20
7 17 20
17 5 20
5 16 20
16 23 20
23 21 20
21 6 20
6 14 20
14 15 20
15 28 20
28 12 20
12 22 20
22 29 20
29 26 20
26 18 20
18 19 20
19 20 20
1 30 20
2 19 3
2 23 17
2 9 20
2 17 20
2 15 10
3 12 9
3 21 9
3 15 6
3 22 20
3 17 14
3 29 8
3 14 6
3 7 17
3 25 15
3 9 16
3 20 4
4 21 18
4 27 15
4 2 16
4 3 13
4 16 1
4 5 4
4 11 7
4 15 12
4 12 6
4 17 14
4 7 9
4 29 14
4 25 1
4 19 17
4 18 8
4 8 5
4 20 12
4 28 18
4 14 18
5 15 12
5 24 6
5 10 1
5 28 9
5 25 20
5 18 19
5 12 6
5 20 7
5 2 20
6 23 9
6 4 17
6 9 5
6 24 10
6 11 12
6 18 17
6 5 12
6 13 13
6 10 15
6 29 10
6 8 7
6 28 15
6 26 6
7 27 12
7 22 15
7 23 5
7 19 5
7 24 3
7 26 2
7 14 10
7 6 20
7 28 13
7 15 3
7 18 8
7 29 6
7 2 3
7 13 2
7 21 11
8 27 13
8 22 8
8 7 5
8 16 11
8 12 17
8 2 3
8 3 18
8 14 17
8 19 9
8 18 12
9 11 10
9 22 20
9 14 3
10 7 18
10 15 13
10 3 3
10 25 7
10 9 3
10 17 13
10 24 13
10 29 2
10 21 13
10 22 1
11 21 14
11 17 9
11 22 16
11 28 14
11 16 8
11 18 11
11 5 20
11 23 19
11 26 18
11 25 12
11 10 1
11 14 18
11 24 5
11 13 7
11 20 11
11 2 5
11 19 20
12 10 4
12 27 1
12 11 18
12 19 9
12 25 19
12 21 6
12 16 14
12 13 2
12 14 12
12 2 8
12 20 13
12 9 16
12 23 2
12 17 11
13 18 6
13 24 8
13 28 12
13 5 8
13 26 13
13 16 1
13 22 11
13 17 15
13 14 7
13 3 17
13 15 17
13 21 9
13 9 15
13 25 2
13 19 8
13 20 15
13 2 1
13 8 13
14 19 4
15 9 18
15 23 9
15 6 12
15 21 14
15 8 17
15 20 20
15 22 20
15 24 4
15 29 10
16 3 18
16 6 6
17 24 19
17 8 9
17 27 8
17 26 1
17 19 1
17 6 19
17 23 8
17 15 17
17 9 18
17 21 18
18 29 16
18 27 13
18 22 2
18 15 7
18 14 15
18 12 12
18 23 10
18 16 5
18 25 19
18 20 13
19 24 6
20 27 17
20 8 3
20 9 17
21 24 2
21 27 13
21 16 10
21 28 17
21 8 6
21 18 18
21 19 20
21 2 12
21 25 16
22 14 10
22 20 18
22 17 15
22 25 3
22 5 3
22 21 7
22 27 18
22 23 17
22 24 12
22 4 14
22 26 11
22 6 20
23 24 7
23 26 15
23 14 12
23 29 17
23 13 12
23 8 4
23 20 9
23 28 5
26 2 9
2 30 5
4 30 2
6 30 6
9 30 1
10 30 15
11 30 7
13 30 14
14 30 13
15 30 16
16 30 1
13 31 19
31 4 19
10 32 15
32 13 15
2 33 16
33 10 16
8 34 5
34 9 5
17 35 17
35 7 17
16 36 19
36 5 19
23 37 10
37 16 10
21 38 9
38 23 9
15 39 19
39 14 19
18 40 19
40 26 19
19 41 15
41 18 15
12 42 11
42 3 11
21 43 13
43 3 13
17 44 19
44 3 19
20 45 17
45 3 17
16 46 12
46 4 12
11 47 8
47 4 8
12 48 4
48 4 4
17 49 17
49 4 17
8 50 3
50 4 3
18 51 1
51 5 1
12 52 7
52 5 7
23 53 10
53 6 10
18 54 8
54 6 8
8 55 12
55 6 12
26 56 2
56 6 2
22 57 7
57 7 7
23 58 12
58 7 12
21 59 2
59 7 2
22 60 6
60 8 6
16 61 4
61 8 4
18 62 13
62 8 13
15 63 9
63 10 9
17 64 6
64 10 6
21 65 13
65 10 13
22 66 9
66 10 9
21 67 12
67 11 12
17 68 14
68 11 14
22 69 2
69 11 2
18 70 5
70 11 5
16 71 15
71 12 15
17 72 13
72 12 13
18 73 7
73 13 7
22 74 7
74 13 7
17 75 8
75 13 8
14 76 16
76 13 16
15 77 7
77 13 7
23 78 6
78 15 6
21 79 11
79 15 11
22 80 3
80 15 3
21 81 11
81 17 11
0 20 20 20 20 20 20 20 20 20 20 20 20 20 20 20 20 20 20 20 20 20 20 20 20 20 20 20 20 40 
0 0 106 106 94 106 106 106 106 94 100 98 106 106 106 80 106 106 106 106 106 106 106 106 106 105 106 106 103 80 
0 97 0 114 94 129 107 107 144 94 100 98 116 144 137 80 142 134 116 142 139 133 125 115 134 105 130 123 103 80 
0 97 129 0 94 129 107 107 153 94 100 98 116 167 137 80 142 134 116 142 139 133 125 115 134 105 130 123 103 80 
0 97 120 114 0 120 107 107 120 94 100 98 116 120 120 80 120 120 116 120 120 120 120 115 120 105 120 120 103 80 
0 97 129 114 94 0 107 107 153 94 100 98 116 167 137 80 142 134 116 142 139 133 125 115 134 105 130 123 103 80 
0 97 129 114 94 129 0 107 138 94 100 98 116 138 137 80 138 134 116 138 138 133 125 115 134 105 130 123 103 80 
0 97 129 114 94 129 107 0 153 94 100 98 116 153 137 80 142 134 116 142 139 133 125 115 134 105 130 123 103 80 
0 53 53 53 53 53 53 53 0 53 53 53 53 53 53 53 53 53 53 53 53 53 53 53 53 53 53 53 53 54 
0 97 121 114 94 121 107 107 121 0 100 98 116 121 121 80 121 121 116 121 121 121 121 115 121 105 121 121 103 80 
0 97 129 114 94 129 107 107 153 94 0 98 116 167 137 80 142 134 116 142 139 133 125 115 134 105 130 123 103 80 
0 97 129 114 94 129 107 107 153 94 100 0 116 167 137 80 142 134 116 142 139 133 125 115 134 105 130 123 103 80 
0 97 129 114 94 129 107 107 153 94 100 98 0 167 137 80 142 134 116 142 139 133 125 115 134 105 130 123 103 80 
0 40 40 40 40 40 40 40 40 40 40 40 40 0 40 40 40 40 40 40 40 40 40 40 40 40 40 40 40 53 
0 97 129 114 94 129 107 107 153 94 100 98 116 167 0 80 142 134 116 142 139 133 125 115 134 105 130 123 103 80 
0 94 94 94 94 94 94 94 94 94 94 94 94 94 94 0 94 94 94 94 94 94 94 94 94 94 94 94 94 80 
0 97 129 114 94 129 107 107 153 94 100 98 116 167 137 80 0 134 116 142 139 133 125 115 134 105 130 123 103 80 
0 97 129 114 94 129 107 107 153 94 100 98 116 161 137 80 142 0 116 142 139 133 125 115 134 105 130 123 103 80 
0 41 41 41 41 41 41 41 41 41 41 41 41 41 41 41 41 41 0 41 41 41 41 41 41 41 41 41 41 41 
0 54 54 54 54 54 54 54 54 54 54 54 54 54 54 54 54 54 54 0 54 54 54 54 54 54 54 54 54 54 
0 97 129 114 94 129 107 107 153 94 100 98 116 167 137 80 142 134 116 142 0 133 125 115 134 105 130 123 103 80 
0 97 129 114 94 129 107 107 153 94 100 98 116 167 137 80 142 134 116 142 139 0 125 115 134 105 130 123 103 80 
0 97 129 114 94 129 107 107 138 94 100 98 116 138 137 80 138 134 116 138 138 133 0 115 134 105 130 123 103 80 
0 20 20 20 20 20 20 20 20 20 20 20 20 20 20 20 20 20 20 20 20 20 20 0 20 20 20 20 20 20 
0 20 20 20 20 20 20 20 20 20 20 20 20 20 20 20 20 20 20 20 20 20 20 20 0 20 20 20 20 20 
0 31 31 31 31 31 31 31 31 31 31 31 31 31 31 31 31 31 31 31 31 31 31 31 31 0 31 31 31 31 
0 20 20 20 20 20 20 20 20 20 20 20 20 20 20 20 20 20 20 20 20 20 20 20 20 20 0 20 20 20 
0 20 20 20 20 20 20 20 20 20 20 20 20 20 20 20 20 20 20 20 20 20 20 20 20 20 20 0 20 20 
0 20 20 20 20 20 20 20 20 20 20 20 20 20 20 20 20 20 20 20 20 20 20 20 20 20 20 20 0 20 
0 0 0 0 0 0 0 0 0 0 0 0 0 0 0 0 0 0 0 0 0 0 0 0 0 0 0 0 0 0 
0