84 354 30 0
1 23 20
23 3 20
3 18 20
18 8 20
8 24 20
24 27 20
27 16 20
16 26 20
26 12 20
12 4 20
4 14 20
14 7 20
7 29 20
29 5 20
5 2 20
2 19 20
19 20 20
20 28 20
28 22 20
22 15 20
15 9 20
9 25 20
25 10 20
10 13 20
13 6 20
6 21 20
21 17 20
17 11 20
19 30 20
1 22 3
1 7 2
1 24 4
1 18 11
1 19 20
1 17 16
1 27 7
1 2 4
1 8 1
1 16 6
1 12 6
1 25 18
1 14 6
1 21 2
1 10 20
1 15 13
1 29 12
2 15 2
2 9 7
2 22 7
2 11 16
2 20 6
2 28 19
2 10 20
2 21 8
2 8 2
2 12 18
2 26 6
3 9 4
3 24 5
3 28 5
4 25 7
4 13 7
4 21 20
4 23 10
4 27 8
4 6 10
4 10 7
4 15 3
4 11 12
4 9 20
4 22 6
4 16 14
4 3 8
4 17 10
5 11 12
5 7 7
5 10 14
5 17 5
5 8 16
5 19 20
5 6 12
6 22 2
6 25 16
7 13 5
8 17 10
8 23 6
9 7 20
9 26 11
9 28 8
9 12 12
10 29 2
10 6 16
10 15 12
10 20 15
10 11 16
10 12 11
10 21 11
10 14 14
10 16 16
10 28 8
10 7 2
10 9 15
11 7 3
11 15 9
11 20 12
11 24 9
11 26 4
11 14 11
11 23 2
11 12 16
11 29 16
11 13 8
11 16 18
12 18 7
12 21 1
12 22 16
12 15 3
12 20 3
12 13 14
12 6 14
12 24 8
12 14 15
12 16 18
12 28 10
12 27 12
12 23 10
12 25 12
13 17 14
14 24 2
14 3 5
14 16 15
14 6 14
14 28 19
14 27 4
14 2 18
14 20 20
14 25 11
14 9 8
14 19 2
15 28 9
15 18 13
15 3 6
15 21 12
15 29 7
15 24 13
15 25 4
15 23 20
15 16 6
15 17 15
15 5 8
15 7 4
15 20 17
15 6 15
15 19 2
15 14 18
15 26 2
16 18 12
17 16 6
17 25 1
18 13 18
18 23 20
18 27 3
18 21 1
18 29 8
18 9 19
19 16 1
19 29 5
19 28 18
20 18 1
21 3 14
21 11 10
21 13 5
22 5 8
22 27 8
22 14 7
22 9 20
22 23 3
23 29 18
23 5 7
23 6 19
23 13 2
23 9 6
23 7 4
23 2 5
23 25 14
23 19 13
23 28 1
23 26 20
23 20 15
23 24 11
23 14 20
25 7 6
25 26 20
25 5 1
25 28 2
25 27 14
25 13 14
25 20 14
25 3 11
26 17 7
26 3 9
26 24 18
26 27 14
26 29 5
26 22 15
26 20 15
26 4 14
27 10 17
27 28 3
27 3 5
27 19 19
27 6 11
27 21 19
27 13 6
27 7 6
27 29 9
27 9 19
27 11 16
27 8 1
28 21 2
28 7 12
28 11 20
28 4 3
28 6 19
28 18 13
28 26 1
28 5 16
28 13 6
29 25 19
29 17 16
29 8 20
29 16 10
29 14 6
29 4 20
29 12 2
29 3 2
29 28 5
29 20 12
4 30 16
5 30 17
9 30 20
10 30 13
11 30 4
12 30 12
17 30 19
18 30 15
3 31 14
31 23 14
27 32 13
32 24 13
29 33 13
33 7 13
5 34 9
34 29 9
20 35 10
35 19 10
28 36 13
36 20 13
22 37 9
37 28 9
25 38 5
38 9 5
10 39 13
39 25 13
28 40 4
40 2 4
10 41 11
41 2 11
12 42 19
42 2 19
24 43 15
43 3 15
25 44 1
44 4 1
23 45 3
45 4 3
27 46 12
46 4 12
11 47 14
47 5 14
10 48 5
48 5 5
8 49 15
49 5 15
22 50 15
50 6 15
25 51 20
51 6 20
17 52 1
52 8 1
23 53 18
53 8 18
26 54 13
54 9 13
28 55 9
55 9 9
12 56 18
56 9 18
29 57 18
57 10 18
11 58 14
58 10 14
12 59 19
59 10 19
14 60 18
60 10 18
14 61 17
61 11 17
23 62 12
62 11 12
29 63 1
63 11 1
21 64 15
64 12 15
22 65 19
65 12 19
14 66 15
66 12 15
28 67 18
67 12 18
27 68 7
68 12 7
23 69 6
69 12 6
25 70 17
70 12 17
28 71 16
71 14 16
27 72 4
72 14 4
25 73 2
73 14 2
18 74 4
74 15 4
21 75 11
75 15 11
29 76 3
76 15 3
25 77 18
77 15 18
25 78 2
78 17 2
27 79 2
79 18 2
29 80 5
80 19 5
29 81 5
81 23 5
28 82 3
82 23 3
27 83 2
83 26 2
29 84 1
84 27 1
0 81 95 73 94 171 99 79 171 167 152 171 105 139 98 130 115 79 111 162 96 69 113 103 135 86 91 136 111 136 
0 0 95 73 94 131 97 78 131 131 131 131 105 131 85 124 99 68 91 131 94 66 93 99 117 86 84 131 99 131 
0 48 0 48 48 48 48 48 48 48 48 48 48 48 48 48 48 48 48 48 48 48 48 48 48 48 48 48 48 48 
0 77 95 0 94 162 97 78 162 147 152 162 105 133 85 124 99 68 91 162 94 66 93 99 117 86 84 136 99 136 
0 77 95 73 0 115 97 78 115 115 115 115 105 115 85 115 99 68 91 115 94 66 93 99 115 86 84 115 99 132 
0 38 38 38 38 0 38 38 38 38 38 38 38 38 38 38 38 38 38 38 38 38 38 38 38 38 38 38 38 38 
0 25 25 25 25 25 0 25 25 25 25 25 25 25 25 25 25 25 25 25 25 25 25 25 25 25 25 25 25 25 
0 51 51 51 51 51 51 0 51 51 51 51 51 51 51 51 51 51 51 51 51 51 51 51 51 51 51 51 51 51 
0 71 71 71 71 71 71 71 0 71 71 71 71 71 71 71 71 68 71 71 71 66 71 71 71 71 71 71 71 91 
0 77 95 73 94 185 97 78 183 0 152 176 105 133 85 124 99 68 91 162 94 66 93 99 117 86 84 136 99 136 
0 77 95 73 94 136 97 78 136 136 0 136 105 133 85 124 99 68 91 136 94 66 93 99 117 86 84 136 99 136 
0 77 95 73 94 185 97 78 183 147 152 0 105 133 85 124 99 68 91 162 94 66 93 99 117 86 84 136 99 136 
0 34 34 34 34 34 34 34 34 34 34 34 0 34 34 34 34 34 34 34 34 34 34 34 34 34 34 34 34 34 
0 77 95 73 94 185 97 78 183 147 152 176 105 0 85 124 99 68 91 162 94 66 93 99 117 86 84 136 99 136 
0 77 95 73 94 185 97 78 183 147 152 176 105 133 0 124 99 68 91 162 94 66 93 99 117 86 84 136 99 136 
0 32 32 32 32 32 32 32 32 32 32 32 32 32 32 0 32 32 32 32 32 32 32 32 32 32 32 32 32 32 
0 28 28 28 28 28 28 28 28 28 28 28 28 28 28 28 0 28 28 28 28 28 28 28 28 28 28 28 28 47 
0 77 93 73 93 93 93 78 93 93 93 93 93 93 85 93 93 0 91 93 93 66 93 93 93 86 84 93 93 108 
0 44 44 44 44 44 44 44 44 44 44 44 44 44 44 44 44 44 0 44 44 44 44 44 44 44 44 44 44 64 
0 31 31 31 31 31 31 31 31 31 31 31 31 31 31 31 31 31 31 0 31 31 31 31 31 31 31 31 31 31 
0 75 75 73 75 75 75 75 75 75 75 75 75 75 75 75 75 68 75 75 0 66 75 75 75 75 75 75 75 75 
0 77 95 73 94 109 97 78 109 109 109 109 105 109 85 109 99 68 91 109 94 0 93 99 109 86 84 109 99 109 
0 77 95 73 94 185 97 78 183 147 152 176 105 133 85 124 99 68 91 162 94 66 0 99 117 86 84 136 99 136 
0 35 35 35 35 35 35 35 35 35 35 35 35 35 35 35 35 35 35 35 35 35 35 0 35 35 35 35 35 35 
0 77 95 73 94 167 97 78 167 147 152 167 105 133 85 124 99 68 91 162 94 66 93 99 0 86 84 136 99 136 
0 77 95 73 94 130 97 78 130 130 130 130 105 130 85 124 99 68 91 130 94 66 93 99 117 0 84 130 99 130 
0 77 95 73 94 185 97 78 183 147 152 176 105 133 85 124 99 68 91 162 94 66 93 99 117 86 0 136 99 136 
0 77 95 73 94 169 97 78 169 147 152 169 105 133 85 124 99 68 91 162 94 66 93 99 117 86 84 0 99 136 
0 77 95 73 94 170 97 78 170 147 152 170 105 133 85 124 99 68 91 162 94 66 93 99 117 86 84 136 0 136 
0 0 0 0 0 0 0 0 0 0 0 0 0 0 0 0 0 0 0 0 0 0 0 0 0 0 0 0 0 0 
0