80 350 30 0
1 10 20
10 15 20
15 28 20
28 5 20
5 20 20
20 14 20
14 19 20
19 12 20
12 26 20
26 23 20
23 7 20
7 13 20
13 6 20
6 22 20
22 4 20
4 8 20
8 3 20
3 17 20
17 11 20
11 24 20
24 9 20
9 21 20
21 18 20
18 29 20
29 25 20
25 16 20
16 2 20
2 27 20
19 30 20
1 27 14
1 2 18
1 26 6
1 4 16
1 28 8
1 3 8
1 6 10
1 30 3
3 7 3
3 9 18
3 5 4
3 6 2
3 22 18
3 10 19
3 29 7
3 14 3
3 28 7
3 23 5
3 27 3
3 18 20
4 20 12
4 27 12
4 21 6
4 16 5
4 11 1
4 26 19
4 24 10
4 17 13
4 2 7
4 25 8
4 13 2
4 23 13
4 15 1
4 9 16
4 28 17
4 7 9
5 14 17
5 13 18
5 2 12
6 11 6
6 17 20
6 26 16
6 27 19
6 18 3
6 15 17
7 29 1
7 24 4
8 25 5
8 24 5
8 12 7
8 11 16
8 6 14
8 14 16
8 10 7
8 9 14
8 27 3
8 26 9
8 13 9
8 7 7
8 16 7
8 23 14
8 17 12
8 22 3
8 18 19
8 15 11
8 2 9
9 15 17
9 6 4
9 18 7
9 12 12
9 26 12
9 11 18
9 2 5
9 25 4
9 22 12
9 29 7
9 19 10
9 16 19
10 5 17
10 20 13
10 22 7
10 16 2
10 7 11
10 18 2
10 19 3
10 28 11
10 29 20
10 21 16
10 14 7
10 25 8
10 12 8
10 23 19
10 4 16
10 2 7
11 20 15
11 21 18
11 2 6
11 22 6
11 27 16
11 18 1
11 10 7
11 12 20
11 14 18
11 25 15
11 16 8
11 15 20
11 7 2
12 22 16
12 3 9
12 5 6
13 19 13
13 11 1
13 26 5
13 3 9
13 12 8
13 25 20
13 18 13
13 24 9
13 23 8
14 25 20
15 20 1
15 16 11
15 22 18
15 21 7
15 29 3
15 25 7
15 7 1
15 13 16
15 5 7
15 26 3
16 17 4
17 14 3
17 28 16
17 18 6
17 5 11
17 29 19
17 26 11
17 27 10
17 22 5
17 19 3
17 13 1
17 24 18
17 2 4
17 10 10
17 15 13
17 25 2
18 26 8
19 2 20
19 3 14
19 26 12
19 4 2
19 16 18
19 25 10
19 23 20
19 7 15
19 27 7
19 15 11
19 22 20
20 29 14
20 21 7
20 19 11
20 8 5
20 7 9
20 6 4
20 22 12
20 26 15
20 18 2
20 2 10
21 28 2
21 24 11
21 22 18
21 14 10
21 8 9
21 5 3
21 26 2
21 2 14
21 6 12
21 17 13
21 23 17
21 25 18
21 27 6
22 5 8
22 14 19
22 27 16
22 2 5
22 24 18
23 15 10
23 14 11
23 24 17
23 2 20
23 18 13
23 16 4
23 11 19
24 26 8
24 15 7
24 6 14
24 14 3
24 19 9
25 24 16
25 2 1
25 23 5
25 18 12
25 26 7
25 12 10
25 22 11
25 7 7
25 28 18
25 20 5
27 15 3
27 26 12
28 6 6
28 11 3
28 8 16
29 19 16
29 22 4
7 30 4
8 30 14
10 30 18
11 30 13
12 30 13
13 30 5
20 31 9
31 5 9
13 32 17
32 7 17
22 33 17
33 6 17
3 34 17
34 8 17
9 35 16
35 24 16
25 36 13
36 29 13
16 37 9
37 25 9
27 38 16
38 2 16
10 39 6
39 3 6
21 40 15
40 4 15
17 41 8
41 4 8
25 42 9
42 4 9
13 43 10
43 4 10
15 44 5
44 4 5
9 45 12
45 4 12
11 46 7
46 6 7
29 47 15
47 7 15
10 48 8
48 8 8
17 49 16
49 8 16
15 50 13
50 8 13
15 51 9
51 9 9
22 52 11
52 9 11
19 53 3
53 9 3
19 54 12
54 10 12
21 55 6
55 10 6
14 56 10
56 10 10
25 57 13
57 10 13
23 58 10
58 10 10
20 59 2
59 11 2
22 60 7
60 11 7
25 61 18
61 11 18
15 62 15
62 11 15
19 63 15
63 13 15
26 64 6
64 13 6
25 65 4
65 13 4
25 66 12
66 14 12
20 67 15
67 15 15
22 68 4
68 15 4
21 69 15
69 15 15
25 70 18
70 15 18
29 71 11
71 17 11
26 72 17
72 17 17
22 73 15
73 17 15
19 74 4
74 17 4
25 75 18
75 19 18
23 76 16
76 19 16
22 77 19
77 21 19
25 78 17
78 21 17
26 79 4
79 24 4
26 80 13
80 25 13
0 100 66 83 83 83 83 83 83 83 83 83 83 83 83 83 83 83 83 66 83 83 83 83 83 83 100 83 83 86 
0 0 15 15 15 15 15 15 15 15 15 15 15 15 15 15 15 15 15 15 15 15 15 15 15 15 20 15 15 15 
0 146 0 97 85 100 116 104 91 94 126 85 91 139 146 94 129 118 119 66 110 146 121 146 146 146 112 91 104 87 
0 156 58 0 85 100 116 104 91 94 126 85 91 139 167 94 129 118 119 66 110 167 121 148 159 159 112 91 104 87 
0 67 58 67 0 67 67 67 67 67 67 67 67 67 67 67 67 67 67 66 67 67 67 67 67 67 67 67 67 67 
0 101 58 97 85 0 97 97 91 94 97 85 91 97 97 94 97 97 97 66 97 97 97 97 97 97 101 91 97 87 
0 25 25 25 25 25 0 25 25 25 25 25 25 25 25 25 25 25 25 25 25 25 25 25 25 25 25 25 25 29 
0 156 58 97 85 100 116 0 91 94 126 85 91 139 182 94 129 118 119 66 110 170 121 148 159 159 112 91 104 87 
0 156 58 97 85 100 116 104 0 94 126 85 91 139 175 94 129 118 119 66 110 170 121 148 159 159 112 91 104 87 
0 156 58 97 85 100 116 104 91 0 126 85 91 139 182 94 129 118 119 66 110 170 121 148 159 159 112 91 104 87 
0 156 58 97 85 100 116 104 91 94 0 85 91 139 172 94 129 118 119 66 110 170 121 148 159 159 112 91 104 87 
0 51 51 51 51 51 51 51 51 51 51 0 51 51 51 51 51 51 51 51 51 51 51 51 51 51 51 51 51 64 
0 121 58 97 85 100 116 104 91 94 121 85 0 121 121 94 121 118 119 66 110 121 121 121 121 121 112 91 104 87 
0 50 50 50 50 50 50 50 50 50 50 50 50 0 50 50 50 50 50 50 50 50 50 50 50 50 50 50 50 50 
0 136 58 97 85 100 116 104 91 94 126 85 91 136 0 94 129 118 119 66 110 136 121 136 136 136 112 91 104 87 
0 33 28 28 28 28 28 28 28 28 28 28 28 28 28 0 28 28 28 28 28 28 28 28 28 28 33 28 28 28 
0 156 58 97 85 100 116 104 91 94 126 85 91 139 176 94 0 118 119 66 110 170 121 148 159 159 112 91 104 87 
0 28 28 28 28 28 28 28 28 28 28 28 28 28 28 28 28 0 28 28 28 28 28 28 28 28 28 28 28 28 
0 156 58 97 85 100 116 104 91 94 126 85 91 139 182 94 129 118 0 66 110 170 121 148 159 159 112 91 104 87 
0 135 58 97 85 100 116 104 91 94 126 85 91 135 135 94 129 118 119 0 110 135 121 135 135 135 112 91 104 87 
0 156 58 97 85 100 116 104 91 94 126 85 91 139 182 94 129 118 119 66 0 170 121 148 159 159 112 91 104 87 
0 156 58 97 85 100 116 104 91 94 126 85 91 139 153 94 129 118 119 66 110 0 121 148 153 153 112 91 104 87 
0 140 58 97 85 100 116 104 91 94 126 85 91 135 135 94 129 118 119 66 110 135 0 135 135 135 112 91 104 87 
0 61 58 61 61 61 61 61 61 61 61 61 61 61 61 61 61 61 61 61 61 61 61 0 61 61 61 61 61 61 
0 156 58 97 85 100 116 104 91 94 126 85 91 139 182 94 129 118 119 66 110 170 121 148 0 159 112 91 104 87 
0 60 58 60 60 60 60 60 60 60 60 60 60 60 60 60 60 60 60 60 60 60 60 60 60 0 60 60 60 60 
0 31 15 15 15 15 15 15 15 15 15 15 15 15 15 15 15 15 15 15 15 15 15 15 15 15 0 15 15 15 
0 45 45 45 45 45 45 45 45 45 45 45 45 45 45 45 45 45 45 45 45 45 45 45 45 45 45 0 45 45 
0 66 58 66 66 66 66 66 66 66 66 66 66 66 66 66 66 66 66 66 66 66 66 66 66 66 66 66 0 66 
0 0 0 0 0 0 0 0 0 0 0 0 0 0 0 0 0 0 0 0 0 0 0 0 0 0 0 0 0 0 
0