81 351 30 0
1 27 20
27 9 20
9 28 20
28 18 20
18 22 20
22 2 20
2 19 20
19 7 20
7 21 20
21 24 20
24 17 20
17 23 20
23 25 20
25 20 20
20 15 20
15 6 20
6 10 20
10 5 20
5 3 20
3 14 20
14 4 20
4 13 20
13 8 20
8 12 20
12 29 20
29 26 20
26 16 20
16 11 20
2 30 20
1 22 16
1 15 6
1 16 1
1 6 1
1 28 19
1 29 13
1 30 2
2 23 1
2 14 9
2 25 1
2 5 13
2 7 3
2 24 17
2 13 14
2 6 10
2 28 8
2 16 13
2 17 3
3 6 17
3 7 11
3 19 7
3 28 16
3 4 20
3 16 12
3 22 17
3 24 7
3 17 8
3 18 9
3 25 12
3 2 12
3 26 13
3 21 2
3 29 14
3 27 7
3 12 4
3 23 4
4 8 7
4 19 14
4 2 4
4 10 3
4 15 12
4 24 11
4 16 13
4 9 9
4 12 4
4 18 10
4 11 18
4 20 16
5 21 13
6 19 19
6 29 10
6 24 3
6 25 14
6 7 3
6 28 18
6 13 19
6 23 19
6 4 5
6 27 12
6 20 17
6 8 10
8 23 13
8 16 7
8 20 7
8 9 18
8 25 20
8 7 3
9 26 2
9 18 5
9 29 1
9 7 17
9 14 16
9 23 15
9 10 2
9 25 16
9 20 1
9 6 16
9 2 8
9 5 7
9 13 19
9 19 6
9 15 3
9 16 4
10 16 10
10 26 6
10 18 7
11 15 13
11 6 6
11 27 10
11 7 2
11 25 3
11 9 17
11 24 17
11 26 3
11 18 16
11 20 15
11 2 4
11 8 13
11 12 16
11 23 17
11 22 6
11 3 5
11 10 9
12 20 20
12 22 4
12 27 18
12 26 11
13 7 18
13 18 1
13 25 8
13 29 16
13 23 16
14 10 17
14 20 5
14 16 20
14 18 4
14 26 5
14 27 9
15 17 16
15 24 20
15 22 2
15 28 10
15 27 16
15 2 17
16 22 10
16 19 10
16 29 16
16 17 3
16 15 6
16 23 10
17 4 11
17 13 8
18 8 4
18 29 11
18 15 20
18 26 19
18 17 20
18 2 19
18 27 14
18 24 7
18 20 15
18 21 16
18 16 16
18 23 15
18 7 10
19 23 11
19 22 3
20 19 7
20 16 20
20 21 20
20 26 18
20 5 10
20 13 15
20 3 9
20 23 19
21 27 14
21 17 5
21 6 6
21 13 7
21 8 6
21 22 15
21 26 7
21 28 20
21 10 7
21 2 14
21 19 12
22 9 11
22 25 9
22 6 11
22 5 7
22 29 12
22 27 13
22 8 11
22 20 7
22 17 4
22 24 1
22 7 6
22 10 1
22 13 14
22 4 17
23 10 16
23 5 18
23 22 19
23 14 14
23 27 3
23 7 8
23 26 4
24 27 10
24 25 3
24 23 5
24 16 18
24 26 6
24 10 11
24 7 20
24 5 20
24 20 6
25 10 17
25 7 2
25 14 14
25 5 8
25 15 1
25 27 9
25 19 11
25 29 13
25 12 5
25 26 9
25 21 5
26 5 4
27 16 15
27 2 15
27 8 18
29 17 12
29 19 1
4 30 1
6 30 18
7 30 12
8 30 13
9 30 17
14 30 11
15 30 1
9 31 14
31 27 14
22 32 17
32 18 17
2 33 6
33 22 6
7 34 1
34 19 1
23 35 5
35 17 5
25 36 20
36 23 20
15 37 10
37 20 10
6 38 9
38 15 9
3 39 9
39 5 9
4 40 17
40 14 17
23 41 20
41 2 20
16 42 16
42 2 16
6 43 16
43 3 16
18 44 2
44 3 2
25 45 10
45 3 10
21 46 9
46 3 9
24 47 3
47 4 3
16 48 13
48 4 13
9 49 20
49 4 20
18 50 19
50 4 19
11 51 4
51 4 4
25 52 10
52 6 10
23 53 19
53 6 19
23 54 14
54 8 14
16 55 11
55 8 11
23 56 5
56 9 5
13 57 10
57 9 10
15 58 7
58 9 7
16 59 2
59 9 2
18 60 4
60 10 4
24 61 13
61 11 13
26 62 14
62 11 14
23 63 4
63 11 4
22 64 3
64 11 3
18 65 9
65 13 9
23 66 18
66 13 18
20 67 6
67 14 6
18 68 7
68 14 7
27 69 12
69 14 12
22 70 12
70 16 12
26 71 9
71 18 9
24 72 6
72 18 6
23 73 17
73 18 17
23 74 1
74 19 1
22 75 15
75 19 15
23 76 5
76 20 5
25 77 11
77 22 11
24 78 2
78 22 2
26 79 3
79 23 3
25 80 3
80 24 3
27 81 17
81 25 17
0 76 71 76 76 76 76 76 76 76 72 49 76 76 76 76 76 76 76 76 76 76 76 76 76 76 76 76 76 78 
0 0 71 118 116 115 118 114 99 107 72 49 118 115 84 118 96 118 118 118 76 115 118 106 118 118 118 92 113 93 
0 149 0 132 116 115 123 114 99 107 72 49 143 115 84 180 96 121 124 144 76 115 188 106 123 123 149 92 113 93 
0 149 71 0 116 115 123 114 99 107 72 49 143 115 84 158 96 121 124 144 76 115 158 106 123 123 149 92 113 93 
0 33 33 33 0 33 33 33 33 33 33 33 33 33 33 33 33 33 33 33 33 33 33 33 33 33 33 33 33 33 
0 149 71 132 116 0 123 114 99 107 72 49 143 115 84 180 96 121 124 144 76 115 188 106 123 123 149 92 113 93 
0 21 21 21 21 21 0 21 21 21 21 21 21 21 21 21 21 21 21 21 21 21 21 21 21 21 21 21 21 33 
0 88 71 88 88 88 88 0 88 88 72 49 88 88 84 88 88 88 88 88 76 88 88 88 88 88 88 88 88 93 
0 149 71 132 116 115 123 114 0 107 72 49 143 115 84 180 96 121 124 144 76 115 188 106 123 123 149 92 113 93 
0 43 43 43 43 43 43 43 43 0 43 43 43 43 43 43 43 43 43 43 43 43 43 43 43 43 43 43 43 43 
0 149 71 132 116 115 123 114 99 107 0 49 143 115 84 176 96 121 124 144 76 115 176 106 123 123 149 92 113 93 
0 73 71 73 73 73 73 73 73 73 72 0 73 73 73 73 73 73 73 73 73 73 73 73 73 73 73 73 73 73 
0 89 71 89 89 89 89 89 89 89 72 49 0 89 84 89 89 89 89 89 76 89 89 89 89 89 89 89 89 89 
0 80 71 80 80 80 80 80 80 80 72 49 80 0 80 80 80 80 80 80 76 80 80 80 80 80 80 80 80 91 
0 118 71 118 116 115 118 114 99 107 72 49 118 115 0 118 96 118 118 118 76 115 118 106 118 118 118 92 113 93 
0 117 71 117 116 115 117 114 99 107 72 49 117 115 84 0 96 117 117 117 76 115 117 106 117 117 117 92 113 93 
0 39 39 39 39 39 39 39 39 39 39 39 39 39 39 39 0 39 39 39 39 39 39 39 39 39 39 39 39 39 
0 149 71 132 116 115 123 114 99 107 72 49 143 115 84 180 96 0 124 144 76 115 188 106 123 123 149 92 113 93 
0 34 34 34 34 34 34 34 34 34 34 34 34 34 34 34 34 34 0 34 34 34 34 34 34 34 34 34 34 34 
0 144 71 132 116 115 123 114 99 107 72 49 143 115 84 144 96 121 124 0 76 115 144 106 123 123 144 92 113 93 
0 142 71 132 116 115 123 114 99 107 72 49 142 115 84 142 96 121 124 142 0 115 142 106 123 123 142 92 113 93 
0 149 71 132 116 115 123 114 99 107 72 49 143 115 84 180 96 121 124 144 76 0 188 106 123 123 149 92 113 93 
0 149 71 132 116 115 123 114 99 107 72 49 143 115 84 180 96 121 124 144 76 115 0 106 123 123 149 92 113 93 
0 143 71 132 116 115 123 114 99 107 72 49 143 115 84 143 96 121 124 143 76 115 143 0 123 123 143 92 113 93 
0 149 71 132 116 115 123 114 99 107 72 49 143 115 84 168 96 121 124 144 76 115 168 106 0 123 149 92 113 93 
0 50 50 50 50 50 50 50 50 50 50 49 50 50 50 50 50 50 50 50 50 50 50 50 50 0 50 50 50 50 
0 97 71 97 97 97 97 97 97 97 72 49 97 97 84 97 96 97 97 97 76 97 97 97 97 97 0 92 97 93 
0 20 20 20 20 20 20 20 20 20 20 20 20 20 20 20 20 20 20 20 20 20 20 20 20 20 20 0 20 20 
0 33 33 33 33 33 33 33 33 33 33 33 33 33 33 33 33 33 33 33 33 33 33 33 33 33 33 33 0 33 
0 0 0 0 0 0 0 0 0 0 0 0 0 0 0 0 0 0 0 0 0 0 0 0 0 0 0 0 0 0 
0