84 354 30 0
1 22 20
22 7 20
7 19 20
19 24 20
24 9 20
9 3 20
3 16 20
16 8 20
8 11 20
11 25 20
25 2 20
2 28 20
28 6 20
6 5 20
5 26 20
26 27 20
27 17 20
17 15 20
15 10 20
10 14 20
14 23 20
23 29 20
29 21 20
21 18 20
18 13 20
13 12 20
12 4 20
4 20 20
13 30 20
1 16 3
1 20 7
1 17 20
1 21 8
1 19 6
1 10 9
1 26 5
1 23 20
1 12 13
2 21 15
2 16 6
2 23 7
2 27 5
3 2 18
3 27 20
3 12 15
3 10 14
3 7 14
3 19 8
3 21 19
4 9 8
4 27 17
4 7 11
4 22 12
4 29 6
4 28 18
4 23 13
4 13 18
4 3 1
5 25 13
5 11 17
5 21 18
5 3 2
5 7 3
5 2 2
5 24 12
5 4 7
5 22 16
5 28 18
6 8 3
6 16 1
6 12 1
6 17 2
6 22 8
6 27 6
6 19 7
7 28 2
7 2 1
7 11 17
7 25 20
7 27 13
7 9 12
7 18 4
7 23 20
7 26 3
7 6 11
7 21 2
7 8 13
7 24 15
7 10 10
7 12 19
8 12 4
8 4 15
8 5 12
8 19 16
8 17 12
8 14 5
8 18 4
8 24 2
8 3 2
8 23 12
8 28 18
9 21 4
9 18 5
9 28 17
9 2 17
9 6 12
9 25 14
9 27 17
9 14 14
9 10 1
9 17 9
10 5 20
10 22 1
10 21 16
10 13 3
10 4 10
10 19 8
10 23 17
10 6 18
11 20 4
11 27 17
11 4 3
11 16 7
11 9 11
11 15 10
11 22 11
11 28 15
11 18 2
11 17 14
11 19 5
11 21 20
13 16 20
13 24 2
13 14 18
13 6 18
13 28 14
13 15 7
13 25 12
13 26 7
13 8 8
13 11 8
13 2 12
13 20 6
13 5 4
13 23 4
14 20 18
14 12 14
14 19 11
14 27 4
14 11 13
14 28 16
14 4 7
14 5 18
14 15 1
16 24 18
16 26 11
16 10 8
16 28 4
16 25 4
16 7 6
16 22 14
16 19 19
16 23 18
16 18 16
16 17 17
16 9 12
17 25 2
17 26 9
17 13 20
18 6 20
18 24 20
18 29 2
18 10 12
18 28 18
18 20 4
18 23 15
18 22 10
18 3 8
18 2 11
18 4 9
18 15 5
18 25 16
18 19 20
19 17 8
19 22 4
19 12 6
19 23 18
19 28 11
19 26 2
19 20 13
19 9 1
19 21 1
20 17 1
21 23 1
21 13 4
21 28 8
21 8 1
21 6 12
21 15 11
22 20 18
22 25 8
22 8 9
22 29 7
22 9 1
22 14 5
22 24 3
22 2 14
22 13 19
22 3 1
23 25 2
23 11 3
23 6 20
23 28 16
23 3 18
23 9 20
23 12 19
23 15 2
23 22 9
23 27 16
24 27 5
24 25 10
25 26 16
25 29 15
25 10 16
25 14 15
25 21 8
25 28 7
25 6 11
25 19 6
26 6 4
26 28 9
26 24 14
26 12 3
26 14 18
26 2 13
26 3 4
27 19 19
27 10 3
28 20 16
28 22 7
3 30 15
4 30 14
5 30 16
6 30 7
8 30 7
9 30 14
7 31 10
31 22 10
9 32 6
32 24 6
11 33 5
33 8 5
25 34 14
34 11 14
2 35 8
35 25 8
17 36 17
36 27 17
10 37 7
37 15 7
23 38 11
38 14 11
18 39 1
39 21 1
20 40 17
40 4 17
7 41 14
41 3 14
19 42 13
42 3 13
9 43 1
43 4 1
7 44 12
44 4 12
22 45 19
45 4 19
25 46 9
46 5 9
24 47 18
47 5 18
8 48 12
48 6 12
16 49 7
49 6 7
17 50 16
50 6 16
9 51 6
51 7 6
23 52 2
52 7 2
26 53 14
53 7 14
8 54 6
54 7 6
19 55 16
55 8 16
17 56 17
56 8 17
21 57 17
57 9 17
18 58 17
58 9 17
25 59 6
59 9 6
10 60 10
60 9 10
21 61 3
61 10 3
13 62 15
62 10 15
19 63 1
63 10 1
23 64 16
64 10 16
22 65 17
65 11 17
18 66 19
66 11 19
16 67 20
67 13 20
25 68 8
68 13 8
20 69 4
69 13 4
19 70 9
70 14 9
28 71 9
71 14 9
25 72 14
72 16 14
22 73 19
73 16 19
23 74 18
74 16 18
18 75 19
75 16 19
17 76 20
76 16 20
25 77 10
77 17 10
23 78 17
78 18 17
25 79 7
79 18 7
22 80 7
80 19 7
21 81 2
81 19 2
23 82 10
82 21 10
25 83 7
83 22 7
25 84 6
84 23 6
0 108 83 111 101 111 82 92 111 111 111 111 111 111 63 111 111 75 111 106 111 111 111 111 111 73 111 111 50 93 
0 0 61 61 61 61 61 61 61 61 61 61 61 61 61 61 61 61 61 61 61 61 61 61 61 61 61 61 50 61 
0 108 0 120 101 128 82 92 128 119 128 101 116 124 63 128 93 75 128 99 128 109 128 112 128 68 128 128 50 93 
0 108 83 0 101 109 82 92 109 109 109 101 109 109 63 109 93 75 109 99 109 109 109 109 109 68 109 109 50 93 
0 108 83 120 0 128 82 92 128 119 128 101 116 124 63 128 93 75 128 99 128 109 128 112 128 68 128 128 50 93 
0 48 48 48 48 0 48 48 48 48 48 48 48 48 48 48 48 48 48 48 48 48 48 48 48 48 48 48 48 55 
0 108 83 120 101 181 0 92 135 119 128 101 116 124 63 144 93 75 148 99 134 109 151 112 129 68 157 211 50 93 
0 108 83 120 101 140 82 0 135 119 128 101 116 124 63 140 93 75 140 99 134 109 140 112 129 68 140 140 50 93 
0 108 83 120 101 143 82 92 0 119 128 101 116 124 63 143 93 75 143 99 134 109 143 112 129 68 143 143 50 93 
0 108 83 120 101 123 82 92 123 0 123 101 116 123 63 123 93 75 123 99 123 109 123 112 123 68 123 123 50 93 
0 108 83 120 101 144 82 92 135 119 0 101 116 124 63 144 93 75 144 99 134 109 144 112 129 68 144 144 50 93 
0 20 20 20 20 20 20 20 20 20 20 0 20 20 20 20 20 20 20 20 20 20 20 20 20 20 20 20 20 20 
0 108 83 120 101 175 82 92 135 119 128 101 0 124 63 144 93 75 148 99 134 109 151 112 129 68 157 175 50 93 
0 108 83 120 101 122 82 92 122 119 122 101 116 0 63 122 93 75 122 99 122 109 122 112 122 68 122 122 50 93 
0 20 20 20 20 20 20 20 20 20 20 20 20 20 0 20 20 20 20 20 20 20 20 20 20 20 20 20 20 20 
0 108 83 120 101 181 82 92 135 119 128 101 116 124 63 0 93 75 148 99 134 109 151 112 129 68 157 194 50 93 
0 108 83 120 101 121 82 92 121 119 121 101 116 121 63 121 0 75 121 99 121 109 121 112 121 68 121 121 50 93 
0 108 83 120 101 181 82 92 135 119 128 101 116 124 63 144 93 0 148 99 134 109 151 112 129 68 157 211 50 93 
0 108 83 120 101 123 82 92 123 119 123 101 116 123 63 123 93 75 0 99 123 109 123 112 123 68 123 123 50 93 
0 22 22 22 22 22 22 22 22 22 22 22 22 22 22 22 22 22 22 0 22 22 22 22 22 22 22 22 22 22 
0 79 79 79 79 79 79 79 79 79 79 79 79 79 63 79 79 75 79 79 0 79 79 79 79 68 79 79 50 79 
0 108 83 120 101 167 82 92 135 119 128 101 116 124 63 144 93 75 148 99 134 0 151 112 129 68 157 167 50 93 
0 108 83 120 101 181 82 92 135 119 128 101 116 124 63 144 93 75 148 99 134 109 0 112 129 68 157 211 50 93 
0 53 53 53 53 53 53 53 53 53 53 53 53 53 53 53 53 53 53 53 53 53 53 0 53 53 53 53 50 53 
0 108 83 120 101 181 82 92 135 119 128 101 116 124 63 144 93 75 148 99 134 109 151 112 0 68 157 195 50 93 
0 99 83 99 99 99 82 92 99 99 99 99 99 99 63 99 93 75 99 99 99 99 99 99 99 0 99 99 50 93 
0 42 42 42 42 42 42 42 42 42 42 42 42 42 42 42 42 42 42 42 42 42 42 42 42 42 0 42 42 42 
0 52 52 52 52 52 52 52 52 52 52 52 52 52 52 52 52 52 52 52 52 52 52 52 52 52 52 0 50 52 
0 20 20 20 20 20 20 20 20 20 20 20 20 20 20 20 20 20 20 20 20 20 20 20 20 20 20 20 0 20 
0 0 0 0 0 0 0 0 0 0 0 0 0 0 0 0 0 0 0 0 0 0 0 0 0 0 0 0 0 0 
0