79 349 30 0
1 10 20
10 12 20
12 20 20
20 27 20
27 11 20
11 22 20
22 16 20
16 14 20
14 3 20
3 21 20
21 24 20
24 25 20
25 18 20
18 28 20
28 5 20
5 23 20
23 6 20
6 7 20
7 2 20
2 15 20
15 9 20
9 8 20
8 4 20
4 29 20
29 26 20
26 13 20
13 19 20
19 17 20
18 30 20
1 20 1
1 12 7
1 14 5
1 3 5
1 16 2
1 6 13
1 27 12
1 17 6
1 26 4
1 2 1
1 8 9
1 19 16
1 29 17
1 9 5
1 5 3
1 13 3
1 11 5
1 30 8
2 22 13
2 10 16
2 27 20
2 12 4
2 24 5
2 21 17
2 13 4
2 29 12
2 6 10
2 18 18
2 16 20
3 5 4
3 28 17
3 26 9
3 18 8
3 24 20
3 11 7
3 6 19
3 27 17
4 10 17
4 23 19
4 15 5
4 25 2
4 19 15
4 9 2
5 8 3
5 11 9
6 25 15
6 14 14
6 10 3
6 17 9
6 13 8
6 24 6
6 27 14
6 9 2
6 12 3
6 8 14
6 11 5
6 15 15
6 5 6
6 19 16
6 16 1
6 21 5
6 29 12
7 17 1
7 23 9
7 20 5
7 11 9
7 26 4
7 18 11
7 27 12
7 10 16
7 22 13
7 24 20
7 25 11
7 21 15
7 12 4
7 9 2
7 4 4
7 15 15
7 28 14
7 5 19
8 14 9
8 23 1
8 16 12
8 3 5
8 24 3
8 17 9
8 13 18
8 29 4
8 26 2
8 2 16
8 19 6
8 18 15
8 28 15
9 10 10
9 12 5
9 18 7
9 28 9
9 5 16
9 29 20
10 16 7
10 15 11
10 27 4
10 13 1
10 5 19
10 23 17
10 18 9
10 29 20
10 28 13
11 19 3
11 17 4
11 2 15
11 13 1
11 25 2
12 19 13
12 25 1
12 17 20
13 23 1
13 24 7
14 28 20
14 13 15
14 10 3
14 26 4
14 19 1
14 7 20
14 22 1
14 17 5
14 18 13
14 20 8
14 15 2
14 24 1
14 29 14
14 27 13
14 2 19
14 9 17
15 8 3
15 13 8
15 19 18
15 26 4
15 20 3
15 17 18
15 18 12
16 23 14
16 26 15
16 24 1
16 25 3
16 17 7
16 13 17
16 7 8
16 20 20
16 12 14
17 5 1
17 10 19
17 27 4
18 29 11
18 6 15
18 16 16
18 26 4
18 11 16
18 20 4
18 21 11
18 23 7
19 26 10
19 25 9
20 3 1
20 13 6
20 25 19
20 11 1
20 29 19
20 24 18
20 2 19
20 28 16
20 5 7
20 23 7
20 4 6
21 15 5
21 8 13
21 11 16
21 16 16
21 13 11
21 5 11
21 23 14
21 4 1
21 14 13
22 23 13
22 6 9
22 18 9
22 3 5
22 29 14
22 17 4
22 24 7
22 4 19
22 27 9
22 25 4
22 26 5
22 28 10
22 12 18
22 19 5
23 29 3
23 15 3
23 27 6
23 19 10
23 17 10
23 26 4
23 25 8
25 26 6
25 13 16
25 8 19
25 14 1
25 10 3
25 17 11
25 5 13
25 9 15
25 3 12
25 21 2
25 29 8
26 12 12
26 20 12
27 26 3
27 5 8
2 30 8
4 30 3
5 30 14
22 31 14
31 11 14
16 32 15
32 22 15
14 33 13
33 16 13
21 34 10
34 3 10
18 35 20
35 25 20
5 36 12
36 28 12
6 37 1
37 23 1
8 38 17
38 9 17
4 39 20
39 8 20
26 40 10
40 29 10
13 41 3
41 26 3
22 42 9
42 2 9
10 43 15
43 2 15
21 44 11
44 2 11
5 45 9
45 3 9
9 46 17
46 4 17
8 47 11
47 5 11
25 48 2
48 6 2
19 49 17
49 6 17
16 50 19
50 6 19
21 51 9
51 6 9
20 52 9
52 7 9
10 53 14
53 7 14
21 54 8
54 7 8
12 55 15
55 7 15
14 56 11
56 8 11
23 57 18
57 8 18
18 58 1
58 8 1
10 59 17
59 9 17
12 60 12
60 9 12
18 61 18
61 9 18
16 62 6
62 10 6
23 63 13
63 10 13
13 64 13
64 11 13
23 65 7
65 13 7
19 66 9
66 14 9
22 67 20
67 14 20
20 68 9
68 14 9
15 69 12
69 14 12
26 70 7
70 15 7
18 71 7
71 15 7
23 72 17
72 16 17
20 73 11
73 18 11
25 74 13
74 19 13
23 75 10
75 22 10
29 76 11
76 22 11
25 77 6
77 22 6
25 78 9
78 23 9
26 79 9
79 25 9
0 125 67 67 134 133 94 131 127 126 115 87 134 112 90 124 124 133 134 73 70 89 132 108 123 97 131 134 134 53 
0 0 62 67 135 120 94 122 122 106 110 80 132 107 90 122 118 133 120 72 70 89 132 108 123 93 119 146 159 45 
0 121 0 67 121 120 94 121 121 106 110 80 121 107 90 121 118 121 120 72 70 89 121 108 121 93 119 121 121 45 
0 100 62 0 100 100 94 100 100 100 100 80 100 100 90 100 100 100 100 72 70 89 100 100 100 93 100 100 100 45 
0 41 41 41 0 41 41 41 41 41 41 41 41 41 41 41 41 41 41 41 41 41 41 41 41 41 41 53 41 45 
0 124 62 67 135 0 94 122 122 106 110 80 132 107 90 122 118 133 120 72 70 89 132 108 123 93 119 146 167 45 
0 124 62 67 135 120 0 122 122 106 110 80 132 107 90 122 118 133 120 72 70 89 132 108 123 93 119 146 167 45 
0 124 62 67 135 120 94 0 122 106 110 80 132 107 90 122 118 133 120 72 70 89 132 108 123 93 119 146 163 45 
0 104 62 67 104 104 94 104 0 104 104 80 104 104 90 104 104 104 104 72 70 89 104 104 104 93 104 104 104 45 
0 124 62 67 135 120 94 122 122 0 110 80 132 107 90 122 118 133 120 72 70 89 132 108 123 93 119 146 167 45 
0 45 45 45 45 45 45 45 45 45 0 45 45 45 45 45 45 45 45 45 45 45 45 45 45 45 45 45 45 45 
0 81 62 67 81 81 81 81 81 81 81 0 81 81 81 81 81 81 81 72 70 81 81 81 81 81 81 81 81 45 
0 44 44 44 44 44 44 44 44 44 44 44 0 44 44 44 44 44 44 44 44 44 44 44 44 44 44 44 44 44 
0 124 62 67 135 120 94 122 122 106 110 80 132 0 90 122 118 133 120 72 70 89 132 108 123 93 119 146 167 45 
0 98 62 67 98 98 94 98 98 98 98 80 98 98 0 98 98 98 98 72 70 89 98 98 98 93 98 98 98 45 
0 124 62 67 135 120 94 122 122 106 110 80 132 107 90 0 118 133 120 72 70 89 132 108 123 93 119 146 159 45 
0 24 24 24 24 24 24 24 24 24 24 24 24 24 24 24 0 24 24 24 24 24 24 24 24 24 24 24 24 24 
0 124 62 67 135 120 94 122 122 106 110 80 132 107 90 122 118 0 120 72 70 89 132 108 123 93 119 146 150 45 
0 65 62 65 65 65 65 65 65 65 65 65 65 65 65 65 65 65 0 65 65 65 65 65 65 65 65 65 65 45 
0 124 62 67 135 120 94 122 122 106 110 80 132 107 90 122 118 133 120 0 70 89 132 108 123 93 119 146 167 45 
0 124 62 67 135 120 94 122 122 106 110 80 132 107 90 122 118 133 120 72 0 89 132 108 123 93 119 146 158 45 
0 124 62 67 135 120 94 122 122 106 110 80 132 107 90 122 118 133 120 72 70 0 132 108 123 93 119 146 167 45 
0 124 62 67 129 120 94 122 122 106 110 80 129 107 90 122 118 129 120 72 70 89 0 108 123 93 119 129 129 45 
0 20 20 20 20 20 20 20 20 20 20 20 20 20 20 20 20 20 20 20 20 20 20 0 20 20 20 20 20 20 
0 124 62 67 135 120 94 122 122 106 110 80 132 107 90 122 118 133 120 72 70 89 132 108 0 93 119 146 156 45 
0 70 62 67 70 70 70 70 70 70 70 70 70 70 70 70 70 70 70 70 70 70 70 70 70 0 70 70 70 45 
0 31 31 31 31 31 31 31 31 31 31 31 31 31 31 31 31 31 31 31 31 31 31 31 31 31 0 31 31 31 
0 20 20 20 20 20 20 20 20 20 20 20 20 20 20 20 20 20 20 20 20 20 20 20 20 20 20 0 20 20 
0 31 31 31 31 31 31 31 31 31 31 31 31 31 31 31 31 31 31 31 31 31 31 31 31 31 31 31 0 31 
0 0 0 0 0 0 0 0 0 0 0 0 0 0 0 0 0 0 0 0 0 0 0 0 0 0 0 0 0 0 
0