86 356 30 0
1 26 20
26 18 20
18 19 20
19 17 20
17 20 20
20 11 20
11 24 20
24 6 20
6 12 20
12 28 20
28 3 20
3 8 20
8 22 20
22 25 20
25 4 20
4 16 20
16 27 20
27 9 20
9 5 20
5 13 20
13 23 20
23 10 20
10 29 20
29 2 20
2 14 20
14 7 20
7 21 20
21 15 20
22 30 20
1 7 18
1 24 1
1 28 8
1 12 18
1 20 11
1 13 1
1 27 8
1 3 8
1 14 2
2 26 3
2 22 7
2 5 1
2 19 17
2 12 4
2 16 8
2 10 8
2 6 20
2 4 10
2 8 20
2 25 14
2 13 10
2 28 15
3 25 15
3 16 4
3 27 3
5 29 3
6 26 12
6 7 17
6 23 9
6 21 11
6 15 16
6 22 20
6 4 7
6 14 1
6 29 2
6 27 17
6 20 17
6 18 13
6 13 2
6 25 3
6 5 2
6 16 12
7 29 13
7 13 7
7 9 12
7 2 10
8 15 9
9 4 3
9 18 10
9 13 18
9 25 3
9 6 2
9 23 15
9 16 13
9 11 13
9 12 5
9 3 6
9 15 13
9 26 20
10 20 7
10 24 5
10 5 10
10 25 5
10 21 10
10 11 14
11 19 5
11 17 20
11 22 14
11 2 3
12 22 17
12 26 17
12 14 10
12 15 6
12 17 8
12 23 7
12 20 19
12 21 7
12 7 3
12 4 13
12 19 14
12 18 2
12 27 5
13 11 10
13 12 20
13 15 11
13 4 6
13 18 16
13 27 17
14 25 11
14 3 1
14 19 20
14 15 18
14 29 13
14 21 5
14 5 10
14 11 7
14 8 6
14 22 8
14 23 20
14 24 13
14 13 9
15 20 3
15 19 1
15 10 12
15 28 12
15 4 9
15 23 6
15 29 13
15 22 15
15 7 10
16 15 1
16 20 12
16 12 5
16 8 7
16 26 17
16 5 8
16 22 18
16 29 20
16 25 9
16 18 1
17 6 10
17 29 9
17 22 19
17 9 1
17 25 7
17 23 20
17 4 13
17 18 3
17 3 11
17 2 5
17 13 2
17 27 16
18 24 9
18 7 9
18 21 12
18 8 18
19 20 4
20 8 7
20 24 7
20 26 1
20 22 13
20 2 5
21 17 5
21 24 9
21 13 2
21 27 9
21 11 16
21 23 16
21 28 14
21 19 4
21 22 14
22 5 4
22 10 7
22 28 4
22 7 9
22 24 6
22 18 7
23 29 15
23 27 17
23 8 5
23 19 14
23 22 9
23 25 9
23 28 17
23 20 11
23 2 7
24 9 12
24 4 18
24 19 10
24 28 9
24 16 17
24 7 13
24 26 13
24 23 20
24 8 14
24 29 8
24 25 13
24 3 20
24 12 13
24 13 11
25 11 8
25 20 9
25 27 2
25 15 16
25 13 3
25 19 2
25 21 8
25 7 19
25 26 20
26 13 19
26 4 11
26 22 7
26 27 15
26 21 7
26 17 16
26 11 7
26 19 20
26 29 20
26 7 6
26 10 3
26 28 6
28 14 18
29 20 15
29 3 17
2 30 18
8 30 4
13 30 5
15 30 10
18 30 10
20 30 8
24 30 10
26 30 11
27 30 5
28 30 17
29 30 3
17 31 9
31 19 9
11 32 6
32 20 6
24 33 20
33 11 20
6 34 4
34 24 4
12 35 12
35 6 12
9 36 7
36 27 7
23 37 2
37 13 2
21 38 10
38 7 10
26 39 20
39 2 20
19 40 9
40 2 9
12 41 16
41 2 16
10 42 7
42 2 7
8 43 13
43 2 13
13 44 15
44 2 15
25 45 7
45 3 7
26 46 14
46 6 14
23 47 18
47 6 18
21 48 3
48 6 3
22 49 14
49 6 14
14 50 14
50 6 14
20 51 14
51 6 14
18 52 19
52 6 19
25 53 8
53 6 8
13 54 15
54 9 15
25 55 3
55 9 3
23 56 5
56 9 5
16 57 13
57 9 13
11 58 17
58 9 17
12 59 9
59 9 9
15 60 8
60 9 8
24 61 8
61 10 8
21 62 17
62 10 17
22 63 1
63 11 1
22 64 9
64 12 9
26 65 18
65 12 18
14 66 10
66 12 10
17 67 6
67 12 6
23 68 4
68 12 4
21 69 4
69 12 4
15 70 19
70 13 19
25 71 4
71 14 4
15 72 18
72 14 18
21 73 12
73 14 12
23 74 3
74 14 3
24 75 18
75 14 18
22 76 6
76 15 6
20 77 11
77 16 11
18 78 1
78 16 1
2 79 2
79 17 2
20 80 18
80 19 18
23 81 20
81 21 20
25 82 8
82 23 8
28 83 12
83 24 12
26 84 1
84 24 1
25 85 16
85 24 16
26 86 5
86 25 5
0 95 90 95 55 95 95 95 95 75 95 95 95 95 95 86 71 72 95 95 95 95 95 95 95 95 95 95 95 95 
0 0 82 110 55 159 116 97 115 75 116 118 124 104 116 86 71 72 154 123 100 159 141 102 114 103 128 97 136 121 
0 42 0 42 42 42 42 42 42 42 42 42 42 42 42 42 42 42 42 42 42 42 42 42 42 42 42 42 42 42 
0 20 20 0 20 20 20 20 20 20 20 20 20 20 20 20 20 20 20 20 20 20 20 20 20 20 20 20 20 20 
0 23 23 23 0 23 23 23 23 23 23 23 23 23 23 23 23 23 23 23 23 23 23 23 23 23 23 23 23 23 
0 130 82 110 55 0 116 97 115 75 116 118 124 104 116 86 71 72 154 123 100 181 141 102 114 103 128 97 136 121 
0 62 62 62 55 62 0 62 62 62 62 62 62 62 62 62 62 62 62 62 62 62 62 62 62 62 62 62 62 62 
0 42 42 42 42 42 42 0 42 42 42 42 42 42 42 42 42 42 42 42 42 42 42 42 42 42 42 42 42 46 
0 130 82 110 55 141 116 97 0 75 116 118 124 104 116 86 71 72 141 123 100 141 141 102 114 103 128 97 136 121 
0 78 78 78 55 78 78 78 78 0 78 78 78 78 78 78 71 72 78 78 78 78 78 78 78 78 78 78 78 78 
0 85 82 85 55 85 85 85 85 75 0 85 85 85 85 85 71 72 85 85 85 85 85 85 85 85 85 85 85 85 
0 130 82 110 55 168 116 97 115 75 116 0 124 104 116 86 71 72 154 123 100 181 141 102 114 103 128 97 136 121 
0 130 82 110 55 130 116 97 115 75 116 118 0 104 116 86 71 72 130 123 100 130 130 102 114 103 128 97 130 121 
0 130 82 110 55 168 116 97 115 75 116 118 124 0 116 86 71 72 154 123 100 181 141 102 114 103 128 97 136 121 
0 126 82 110 55 126 116 97 115 75 116 118 124 104 0 86 71 72 126 123 100 126 126 102 114 103 126 97 126 121 
0 130 82 110 55 131 116 97 115 75 116 118 124 104 116 0 71 72 131 123 100 131 131 102 114 103 128 97 131 121 
0 130 82 110 55 151 116 97 115 75 116 118 124 104 116 86 0 72 151 123 100 151 141 102 114 103 128 97 136 121 
0 88 82 88 55 88 88 88 88 75 88 88 88 88 88 86 71 0 88 88 88 88 88 88 88 88 88 88 88 98 
0 33 33 33 33 33 33 33 33 33 33 33 33 33 33 33 33 33 0 33 33 33 33 33 33 33 33 33 33 33 
0 96 82 96 55 96 96 96 96 75 96 96 96 96 96 86 71 72 96 0 96 96 96 96 96 96 96 96 96 104 
0 130 82 110 55 155 116 97 115 75 116 118 124 104 116 86 71 72 154 123 0 155 141 102 114 103 128 97 136 121 
0 87 82 87 55 87 87 87 87 75 87 87 87 87 87 86 71 72 87 87 87 0 87 87 87 87 87 87 87 107 
0 130 82 110 55 168 116 97 115 75 116 118 124 104 116 86 71 72 154 123 100 176 0 102 114 103 128 97 136 121 
0 130 82 110 55 168 116 97 115 75 116 118 124 104 116 86 71 72 154 123 100 181 141 0 114 103 128 97 136 121 
0 130 82 110 55 153 116 97 115 75 116 118 124 104 116 86 71 72 153 123 100 153 141 102 0 103 128 97 136 121 
0 130 82 110 55 168 116 97 115 75 116 118 124 104 116 86 71 72 154 123 100 181 141 102 114 0 128 97 136 121 
0 20 20 20 20 20 20 20 20 20 20 20 20 20 20 20 20 20 20 20 20 20 20 20 20 20 0 20 20 25 
0 50 50 50 50 50 50 50 50 50 50 50 50 50 50 50 50 50 50 50 50 50 50 50 50 50 50 0 50 67 
0 52 52 52 52 52 52 52 52 52 52 52 52 52 52 52 52 52 52 52 52 52 52 52 52 52 52 52 0 55 
0 0 0 0 0 0 0 0 0 0 0 0 0 0 0 0 0 0 0 0 0 0 0 0 0 0 0 0 0 0 
0